maxent/maxent_rasters/bio15_precip_seasonality.asc
ncols        1049
nrows        959
xllcorner    -124.500000000000
yllcorner    32.500000000000
cellsize     0.010000000000
NODATA_value -9999
[rows 225 to 269 of 959, columns 384 to 479 of 1049]
73 72 72 71 70 71 71 71 72 72 72 71 71 71 71 70 71 71 70 70 69 69 69 69 68 67 66 66 66 66 66 65 64 64 63 63 62 61 61 61 61 59 59 59 57 56 57 57 59 56 54 54 54 57 58 57 54 55 54 53 54 53 53 53 51 51 53 54 52 49 49 49 49 49 49 49 50 49 47 46 46 45 45 44 44 44 44 45 43 43 43 42 43 44 45 44
76 75 74 72 72 71 70 71 73 73 73 72 72 72 72 72 72 71 71 70 70 70 70 69 69 68 68 67 66 66 66 65 65 64 63 64 63 63 61 61 61 60 60 58 57 57 56 55 55 55 55 55 55 55 56 56 54 55 54 53 53 53 53 52 52 52 54 55 55 53 51 52 50 50 51 50 50 49 47 47 46 47 46 46 46 45 45 43 44 43 43 42 43 44 44 45
77 76 75 74 73 72 71 71 73 73 73 73 73 73 72 73 72 72 72 71 71 71 70 70 69 69 69 68 67 67 66 66 65 64 63 63 63 63 62 61 61 60 60 59 58 57 56 56 55 55 57 57 56 56 57 57 54 55 55 54 53 53 53 52 52 52 53 55 57 55 53 53 51 50 51 50 49 48 48 48 47 47 47 47 46 45 44 43 45 44 44 43 43 44 44 44
78 77 76 75 74 74 72 72 73 73 73 73 73 73 73 73 72 72 72 72 71 71 70 69 69 69 68 68 67 67 67 66 66 65 64 64 63 63 63 62 61 61 60 59 59 58 57 56 56 56 57 57 56 57 57 57 54 55 55 55 54 53 52 53 52 52 53 56 56 55 53 53 51 50 51 50 49 48 48 49 49 49 48 47 47 45 44 44 45 46 44 44 43 43 44 43
78 78 77 76 75 75 74 74 74 74 74 74 74 73 73 73 72 72 72 71 71 70 70 70 69 69 69 68 67 67 66 67 66 65 64 64 64 63 63 62 61 61 60 59 59 58 58 57 57 57 56 56 56 56 57 56 55 54 55 55 54 53 52 53 52 53 54 56 57 57 54 54 52 51 52 51 50 50 50 50 51 51 48 47 45 45 45 46 46 46 44 43 43 43 43 43
78 78 78 77 76 75 75 75 74 75 75 75 74 74 73 73 72 72 72 71 71 71 70 70 70 69 69 69 68 67 67 66 66 65 65 65 64 64 62 63 62 61 61 59 59 58 57 57 58 57 57 57 56 57 57 58 56 55 55 55 54 54 53 52 52 53 55 57 57 57 55 53 52 51 53 52 51 51 51 52 53 51 48 46 45 45 45 45 45 44 44 44 43 42 42 43
78 78 78 77 77 76 76 75 75 76 75 75 74 74 74 73 73 73 71 71 70 70 70 70 69 69 69 69 68 68 67 67 67 66 65 65 64 63 63 63 62 62 62 60 59 59 58 58 59 59 57 57 57 59 59 60 58 56 56 55 55 54 53 53 53 56 55 56 58 57 55 53 53 54 54 53 51 50 51 53 54 51 47 46 46 45 45 46 45 45 44 44 43 42 41 42
78 78 78 78 78 77 77 76 76 76 75 75 75 73 73 73 72 73 71 71 70 70 70 70 70 70 70 69 69 68 68 67 67 66 66 65 65 64 64 63 63 62 62 61 60 60 59 60 61 60 59 59 59 62 61 59 56 56 55 56 55 54 54 54 54 55 56 57 57 55 55 55 54 54 53 52 51 50 53 52 50 49 47 46 46 46 47 47 46 45 44 43 43 43 42 42
78 78 78 77 78 78 77 77 76 76 76 75 75 74 73 73 73 72 72 71 71 70 70 70 70 70 70 69 69 69 68 68 67 67 66 66 65 65 64 63 63 62 62 61 60 60 60 60 62 63 61 60 60 61 60 59 57 57 56 56 55 55 54 54 54 55 54 57 57 54 55 56 55 54 51 51 51 50 52 49 49 49 47 46 46 46 47 48 46 44 44 43 43 43 43 43
77 77 77 78 78 78 78 78 77 76 76 75 75 74 73 73 72 72 72 72 71 71 71 71 71 70 70 70 69 68 68 68 67 67 66 66 66 65 64 64 64 63 62 61 61 61 60 60 60 63 63 61 61 61 59 57 58 57 57 56 56 56 55 54 54 54 56 57 56 54 55 55 55 53 51 51 51 50 50 49 49 49 47 46 46 46 47 47 45 44 43 43 44 43 44 44
77 77 77 77 78 78 78 78 77 77 76 76 75 74 74 73 73 73 72 72 72 72 71 71 71 71 70 70 69 68 69 68 68 67 67 66 66 66 65 64 64 64 63 62 62 62 60 61 62 63 63 62 62 60 59 57 57 57 57 56 56 55 55 55 55 56 57 58 56 54 54 55 55 52 52 52 51 51 49 48 48 48 48 47 45 45 46 46 44 44 43 43 43 44 45 44
76 76 77 77 77 78 78 78 77 77 77 76 76 75 74 74 73 73 73 73 73 72 72 72 71 71 71 70 69 69 69 68 69 68 68 67 67 66 65 65 64 64 64 64 63 62 62 62 64 64 64 64 63 62 62 60 61 61 58 57 56 56 56 56 57 58 58 58 57 53 53 53 53 52 52 51 51 50 50 49 50 50 51 49 49 48 46 45 44 43 43 42 42 44 45 42
74 75 76 75 76 77 77 77 77 77 77 76 76 75 75 74 74 74 73 73 73 73 72 72 71 71 71 70 70 69 69 69 68 68 68 68 67 67 66 65 65 64 64 64 65 64 63 64 65 64 64 64 64 63 62 62 64 62 58 57 57 56 56 56 57 58 57 59 54 52 52 52 53 52 53 51 50 50 50 50 51 51 49 49 50 48 47 45 44 43 43 43 43 46 43 42
73 75 75 73 74 75 75 76 76 77 77 76 76 76 76 75 75 74 74 74 73 73 72 72 72 71 71 71 70 69 70 69 69 68 68 67 67 67 66 65 65 65 64 63 64 65 64 64 64 64 63 63 63 63 63 61 61 61 59 58 57 57 57 56 56 56 55 57 52 53 54 53 54 53 52 51 51 50 50 50 50 52 49 48 47 47 47 45 44 43 43 43 44 45 42 42
73 74 74 72 72 73 73 74 75 75 76 76 76 76 76 76 75 74 74 74 73 73 73 73 71 71 71 70 70 70 70 70 69 68 69 68 67 67 66 66 65 65 64 62 63 65 66 65 64 64 64 63 63 63 62 61 60 59 59 59 58 57 57 56 56 57 56 55 54 54 53 54 54 53 52 51 50 50 50 50 50 50 48 47 47 48 46 45 43 43 43 43 43 42 42 42
74 74 74 73 72 72 72 72 73 74 74 75 75 76 76 76 75 75 74 74 74 73 73 73 72 71 71 71 70 70 70 70 69 69 68 68 68 67 66 66 66 65 65 63 64 64 65 64 64 63 63 64 64 63 62 61 62 62 61 59 58 58 57 57 56 57 55 55 54 53 53 54 54 52 52 51 50 49 49 50 49 48 47 47 47 46 46 45 44 44 44 45 43 42 43 43
74 74 74 73 73 73 73 72 71 71 71 71 72 73 74 75 75 75 75 74 74 74 73 73 73 72 72 71 71 71 70 70 70 69 68 68 68 68 67 67 66 66 65 64 65 64 64 64 63 64 64 64 64 63 63 63 63 63 61 61 59 58 58 57 57 56 56 54 53 54 54 54 53 53 51 50 50 50 49 49 48 48 47 47 46 46 46 45 46 46 45 43 42 44 42 42
73 74 74 74 72 72 73 72 71 71 70 71 71 73 73 73 75 75 75 75 74 74 74 73 73 72 72 72 71 71 70 71 70 69 69 68 70 69 68 68 67 66 66 65 65 65 65 65 65 65 65 64 64 63 63 63 63 63 61 60 59 59 58 56 56 57 56 54 52 52 54 55 54 53 51 50 50 50 50 49 49 48 47 46 46 48 47 46 48 46 44 43 43 42 42 42
74 74 75 74 73 73 73 72 72 72 71 72 72 72 72 72 73 74 75 75 75 75 75 74 73 73 72 72 71 71 71 71 71 70 69 69 69 70 70 69 68 68 67 65 65 66 66 66 66 65 65 64 64 63 63 63 63 62 61 61 59 59 58 56 55 56 56 54 53 52 54 56 55 53 51 51 51 50 49 50 49 48 48 47 47 47 47 47 50 47 44 42 43 42 42 43
74 75 75 74 74 74 74 73 72 73 74 74 73 73 72 72 72 72 75 75 75 75 75 75 73 73 72 72 71 71 71 71 71 70 70 69 69 69 69 69 68 68 67 65 65 65 65 66 66 65 64 64 64 63 63 63 63 63 63 62 60 59 58 56 56 56 57 56 54 54 53 55 56 53 52 51 51 50 50 50 49 49 48 48 48 48 47 47 48 48 44 43 43 42 42 42
74 75 76 76 75 75 75 74 74 75 75 75 75 73 72 72 72 72 73 75 75 76 75 75 74 73 73 73 72 71 72 71 71 71 70 70 70 69 69 69 69 67 67 66 65 65 65 65 66 65 65 64 63 62 63 63 63 63 63 62 61 60 59 58 57 57 57 56 55 55 54 55 56 55 51 51 51 50 50 49 48 48 48 49 49 49 49 47 46 45 42 44 44 41 40 41
76 75 75 77 77 77 77 77 75 75 74 74 75 75 74 73 73 73 74 75 76 76 76 75 74 74 74 74 73 72 72 72 71 71 71 70 70 70 69 69 69 68 68 67 67 67 66 66 66 66 65 65 65 63 62 63 63 63 63 63 62 61 61 59 59 58 58 57 59 59 60 59 58 56 54 53 54 52 50 50 50 49 50 48 48 50 49 47 44 45 44 42 43 40 40 40
75 74 75 76 77 78 77 77 76 74 73 73 74 74 74 74 73 73 74 74 74 75 75 75 75 74 73 74 73 73 72 72 72 71 71 70 70 70 70 70 69 69 68 67 68 68 67 67 66 66 66 66 65 63 62 62 63 63 63 63 63 62 62 60 59 59 59 59 60 60 61 60 59 57 56 55 55 53 52 51 50 49 49 48 48 48 48 47 45 44 44 43 43 41 40 40
73 74 75 76 77 77 76 77 76 75 74 73 73 74 73 73 73 73 74 74 74 75 75 75 75 74 74 74 73 73 73 72 72 72 71 70 70 69 69 69 69 69 69 68 68 68 68 68 67 66 66 65 65 64 63 63 63 63 64 63 63 63 62 61 59 59 59 60 61 60 60 60 60 60 57 56 56 55 52 52 51 50 50 49 49 48 46 44 45 45 44 43 42 42 41 40
72 72 73 76 77 77 76 75 74 73 73 73 72 72 72 73 72 72 73 73 74 75 75 76 75 75 74 74 73 73 73 72 72 72 71 71 70 70 69 69 68 69 69 68 68 68 68 68 68 66 66 66 66 63 63 63 63 63 64 64 64 63 63 61 60 60 60 60 61 61 61 61 60 60 59 57 58 57 53 53 52 51 50 50 48 48 47 46 43 43 42 44 42 43 42 42
74 73 73 76 78 78 76 75 74 74 72 72 72 71 71 72 72 71 72 73 73 74 74 75 76 75 75 74 74 73 73 72 72 72 71 71 71 70 70 69 69 69 69 69 69 68 68 68 67 67 67 66 66 65 64 63 63 63 65 64 64 63 63 62 62 61 61 61 60 61 61 61 61 60 59 59 59 57 56 54 53 51 50 49 48 48 47 46 43 44 43 43 42 43 42 42
80 80 79 79 80 80 79 79 78 77 76 75 74 72 72 71 72 71 71 72 73 73 73 74 76 76 76 75 74 74 74 73 73 72 72 72 71 71 71 70 69 69 69 69 68 68 67 67 68 67 67 67 67 66 65 64 64 64 65 65 64 63 62 62 62 62 62 62 62 62 62 61 61 61 60 59 59 59 55 55 53 52 51 49 49 48 47 47 44 45 44 42 42 43 42 44
81 80 80 80 79 79 79 79 78 77 76 76 75 73 73 72 72 71 71 71 71 72 73 73 75 76 76 75 75 75 74 74 73 73 72 72 71 71 70 71 70 70 69 69 68 68 67 66 67 68 67 68 67 66 65 65 64 64 64 64 64 63 61 62 63 63 62 62 62 62 62 62 61 59 59 58 57 56 55 55 53 51 50 50 50 48 47 46 44 43 42 44 41 42 42 42
80 80 80 79 78 77 78 77 78 77 75 76 76 74 74 73 73 72 71 70 71 72 73 74 74 75 76 76 75 75 74 74 73 73 73 72 72 71 70 70 70 70 70 69 68 68 67 67 68 68 68 67 67 67 66 65 64 65 65 64 63 63 63 62 63 64 63 62 61 61 61 61 60 59 57 56 56 54 53 53 51 50 50 48 49 48 46 47 44 44 44 43 42 42 42 41
79 78 78 77 76 76 76 77 78 77 75 75 75 75 74 73 72 72 71 71 71 71 72 72 73 74 75 75 75 74 74 74 74 73 73 73 72 72 71 71 70 70 70 69 68 68 67 67 67 68 68 67 67 66 66 66 65 64 65 64 64 64 64 62 61 62 62 61 61 60 59 59 58 57 55 55 54 54 52 51 52 50 48 46 46 46 46 45 45 44 42 41 42 42 43 42
77 77 76 76 76 76 77 77 77 77 76 75 74 74 74 74 74 73 72 72 72 71 72 72 73 74 75 75 75 74 74 74 74 74 74 73 72 72 72 71 71 70 70 69 69 68 67 67 67 68 68 67 67 67 67 66 66 65 65 65 65 65 64 62 61 60 61 61 59 58 58 57 57 56 54 55 54 53 52 52 50 48 47 46 45 45 45 44 44 43 42 41 42 43 43 42
79 78 78 76 76 77 77 78 77 77 76 75 74 73 74 74 74 73 73 73 72 71 71 71 73 74 75 74 74 74 73 74 74 74 74 73 73 73 71 71 71 70 70 69 69 69 69 69 68 69 68 67 67 67 67 66 66 66 65 65 65 65 65 61 60 59 59 59 58 58 58 57 56 56 55 54 54 53 53 52 50 48 46 46 45 45 44 44 42 42 41 42 42 43 43 43
77 78 77 78 77 78 78 77 77 77 77 77 76 75 74 74 74 74 73 73 72 72 72 72 71 72 72 72 73 73 73 73 73 73 73 73 73 73 72 72 72 71 71 70 70 70 70 70 69 69 69 68 67 67 67 67 67 67 66 66 65 65 65 61 60 59 59 59 59 59 58 57 57 56 55 55 55 54 51 50 48 48 48 46 45 45 44 44 42 42 43 40 41 40 40 41
77 76 76 76 77 77 77 76 76 77 77 77 77 76 76 75 75 75 74 74 74 73 73 73 73 72 72 72 72 72 73 73 73 73 73 73 73 73 73 73 72 72 72 71 70 70 70 70 70 69 69 68 68 67 68 67 67 67 67 66 65 65 65 63 61 60 59 60 59 59 59 58 57 57 55 55 54 53 51 49 49 49 48 46 46 44 44 43 42 42 41 42 42 41 39 41
77 76 75 76 76 76 76 76 76 77 77 77 77 75 75 76 75 75 74 74 73 73 73 74 73 73 72 72 72 72 73 73 73 73 73 73 73 73 73 72 73 72 72 71 71 70 70 70 70 69 69 69 68 68 68 68 67 67 67 66 66 65 65 64 63 61 59 60 61 60 59 59 59 58 57 57 55 54 52 50 51 50 48 46 46 45 44 44 42 43 41 40 40 41 41 41
77 77 77 77 76 76 76 75 75 76 77 77 77 76 76 75 75 74 74 74 73 72 73 73 74 74 73 73 74 74 73 74 73 73 73 73 73 73 73 72 72 73 72 71 71 71 71 70 70 70 69 69 69 69 68 68 68 67 67 67 65 64 65 65 64 63 61 60 63 63 63 62 61 60 61 59 58 57 54 53 52 51 50 47 46 45 44 43 43 43 42 41 40 40 41 43
80 79 78 77 78 78 77 77 76 76 76 76 77 76 75 75 74 73 73 74 74 73 74 74 74 73 73 74 73 72 72 72 72 72 73 73 73 73 73 73 72 72 72 72 72 72 71 71 71 70 70 70 69 69 69 68 68 68 67 67 66 65 65 66 65 63 61 64 65 64 64 64 64 63 62 61 62 61 57 57 55 53 51 47 46 45 45 44 43 43 42 41 42 41 43 47
79 79 78 79 79 79 79 78 76 76 75 76 77 77 77 76 75 74 73 73 73 74 74 75 74 73 74 74 72 71 71 72 71 72 73 73 73 73 72 72 72 72 72 72 72 72 71 71 71 71 70 70 70 69 69 68 68 68 67 67 66 66 65 66 64 62 63 65 65 64 63 63 64 63 62 63 63 62 60 57 55 53 52 49 47 46 45 45 43 43 42 42 42 42 44 49
79 80 80 79 79 79 79 79 76 75 74 75 76 77 77 77 76 76 73 72 73 74 74 74 74 73 74 74 72 70 70 71 71 71 72 72 73 73 72 72 72 72 73 73 72 72 72 72 71 70 70 70 70 69 69 68 68 68 68 68 67 67 67 66 64 62 64 65 65 64 63 63 62 63 63 63 63 63 60 58 56 54 51 50 47 46 46 44 42 43 43 42 41 42 43 44
80 80 79 78 78 79 79 78 77 75 73 74 75 75 76 76 76 76 74 73 74 74 74 74 73 73 74 74 71 70 71 71 70 72 73 73 73 73 73 73 73 73 73 73 73 72 72 71 71 71 70 70 70 69 69 69 68 69 69 68 68 67 66 65 63 63 65 66 64 63 63 62 62 62 62 62 62 62 61 59 57 55 53 49 47 46 46 44 43 42 42 41 41 41 41 43
79 78 77 77 77 78 79 79 77 76 75 74 74 75 75 75 76 76 73 73 73 73 73 73 73 73 73 72 70 69 70 70 71 73 73 73 73 73 74 73 74 73 73 73 73 73 72 72 71 71 70 70 70 69 69 69 68 68 68 68 68 67 66 63 64 66 66 65 64 63 62 62 62 62 62 62 62 62 61 61 60 58 55 48 48 47 46 45 43 43 43 41 41 41 41 42
79 79 78 77 77 77 77 76 78 77 77 77 76 75 74 73 74 74 74 74 73 73 73 72 71 71 71 71 71 71 72 73 73 70 70 71 72 73 73 73 73 74 73 73 73 73 73 73 72 72 72 71 71 70 70 69 69 69 68 69 69 68 66 67 67 66 65 64 63 62 62 62 62 62 62 61 62 61 62 62 61 58 57 53 51 50 48 47 44 44 41 40 40 41 40 41
79 78 78 77 77 77 77 76 76 76 76 76 77 75 74 74 74 74 75 75 74 74 73 72 72 72 72 71 70 70 71 72 71 70 70 70 71 72 72 72 71 73 72 72 73 73 73 73 73 72 72 71 71 70 70 70 69 69 68 68 69 68 68 66 67 66 65 64 63 62 62 61 61 61 61 62 61 61 62 62 61 61 58 54 52 52 49 48 44 43 43 41 41 41 42 44
79 78 77 76 77 77 77 76 76 76 76 75 76 75 75 75 75 75 76 76 76 74 74 73 73 72 72 72 72 71 71 71 72 73 73 73 73 74 73 72 71 72 73 73 73 73 73 73 73 72 72 71 71 70 70 70 69 69 69 69 68 68 67 65 67 66 65 65 63 62 62 61 61 61 61 62 62 62 62 62 62 61 59 55 53 52 51 50 46 43 42 42 41 41 43 46
79 79 77 76 76 76 77 77 75 75 75 75 76 75 75 75 76 76 77 76 76 76 76 75 74 74 74 73 72 72 73 73 73 74 74 75 75 74 74 74 73 73 73 74 74 73 73 73 73 72 72 72 71 71 70 70 69 69 70 70 69 69 68 65 68 67 66 66 64 63 62 61 61 61 61 62 62 63 62 62 61 61 58 56 55 53 52 51 48 45 44 43 42 42 43 45
