maxent/maxent_rasters/bio18_precip_warmest.asc
ncols        1049
nrows        959
xllcorner    -124.500000000000
yllcorner    32.500000000000
cellsize     0.010000000000
NODATA_value -9999
[rows 282 to 328 of 959, columns 384 to 479 of 1049]
50 54 54 53 53 55 55 57 55 54 53 53 54 53 54 52 51 51 54 53 55 56 55 51 49 50 51 49 48 48 49 51 53 54 55 58 61 55 55 58 57 57 55 48 44 46 48 49 48 48 52 56 55 49 48 50 52 50 50 51 49 48 46 49 50 53 50 47 48 46 45 44 46 49 51 57 55 46 40 38 37 33 32 32 32 32 32 32 32 32 32 33 34 43 46 46
49 53 54 54 53 55 55 55 55 54 54 54 54 53 52 50 51 53 59 56 57 55 53 51 46 47 47 47 47 47 47 49 49 50 52 56 61 62 59 57 53 51 49 46 44 46 49 52 53 48 48 53 56 54 49 50 52 53 47 46 45 43 43 45 46 49 46 42 42 42 42 41 42 45 51 56 52 43 42 39 36 33 32 32 32 32 32 32 32 32 32 34 34 42 44 43
50 54 53 54 53 54 54 55 54 54 53 53 53 53 49 44 51 54 59 60 57 53 50 46 45 46 50 50 49 49 48 49 47 48 48 54 58 64 58 57 55 55 54 49 45 49 50 50 51 53 51 56 59 55 51 50 50 50 47 44 43 43 43 43 45 46 41 40 40 41 41 41 41 44 49 56 49 41 42 39 36 33 32 32 32 32 32 32 32 32 33 35 35 41 41 38
54 54 54 54 54 55 55 55 54 51 52 54 51 45 41 48 52 52 58 59 59 52 45 45 49 51 52 53 50 49 49 49 49 51 50 51 52 58 62 62 57 54 51 49 46 46 49 49 50 53 53 59 60 55 51 49 47 46 43 42 41 41 41 41 44 45 40 40 40 40 40 40 41 41 52 58 49 44 43 40 37 34 33 32 32 32 32 32 32 34 34 34 35 38 38 36
53 54 54 53 54 53 51 49 43 39 36 36 37 37 37 39 39 39 39 39 40 40 42 48 52 54 54 52 54 53 52 53 54 58 58 54 55 55 59 61 59 59 54 49 46 45 45 46 50 54 56 59 59 53 51 47 44 44 42 42 41 41 41 41 41 41 40 40 40 40 40 40 39 41 49 54 52 45 44 43 38 36 37 35 32 32 34 34 34 35 34 32 32 34 34 32
50 50 53 48 48 38 36 35 36 39 44 45 50 49 40 39 39 41 39 47 51 51 51 50 52 53 54 54 50 49 52 55 58 61 63 58 60 55 59 57 54 54 54 49 46 46 46 49 53 53 53 51 53 51 49 47 44 42 42 42 42 41 41 41 41 41 40 40 40 40 40 39 39 41 52 55 52 47 49 50 43 39 39 35 32 32 34 33 35 34 32 31 31 33 34 33
36 37 37 36 35 35 40 43 45 47 52 54 53 52 44 46 43 48 47 47 51 54 55 53 54 54 53 50 49 49 52 55 56 62 65 64 63 61 58 54 50 48 49 46 45 45 46 49 52 50 48 48 48 47 47 44 43 42 42 42 41 41 41 41 41 41 40 40 40 40 40 39 39 41 59 59 55 50 50 52 50 45 42 37 34 34 32 31 31 31 31 31 31 32 33 31
38 37 37 39 40 43 48 53 52 54 53 54 54 52 51 51 48 49 51 50 52 54 55 55 57 53 51 50 48 48 49 52 52 55 58 61 63 65 61 59 55 50 47 47 49 46 46 50 53 50 50 48 48 45 45 44 42 42 42 42 42 41 41 41 41 41 40 40 40 40 40 39 39 39 56 60 59 55 51 52 52 51 45 37 35 34 34 31 30 30 30 31 31 31 31 31
49 50 47 48 50 53 53 53 52 54 55 54 54 53 53 53 50 50 52 51 52 54 55 57 54 52 50 49 48 48 49 49 49 49 56 58 58 61 62 59 55 52 51 50 47 46 46 52 54 51 49 48 45 44 43 44 43 42 42 42 41 41 41 41 41 41 40 40 40 40 40 40 39 40 55 55 58 58 53 52 53 51 45 37 34 33 32 31 31 30 30 31 31 31 31 31
54 54 53 53 51 53 53 52 52 54 54 54 54 54 54 54 52 52 54 54 55 54 51 52 52 50 49 48 49 51 53 55 60 53 51 56 60 58 55 55 57 55 50 54 54 53 49 46 49 49 48 44 43 43 43 43 43 42 42 42 42 41 41 41 41 41 40 40 40 40 40 39 39 41 49 54 53 58 58 56 51 43 42 37 35 32 31 31 31 31 31 31 30 31 31 31
54 50 52 52 53 51 53 53 52 52 54 53 53 53 54 55 56 54 52 54 53 51 53 54 51 49 48 48 50 51 54 58 62 56 51 53 58 58 51 55 60 57 51 57 57 53 51 49 46 46 44 44 43 43 43 43 42 42 42 42 42 41 41 41 41 41 40 40 40 40 40 40 39 41 52 55 55 61 58 56 53 47 46 37 34 32 31 31 31 31 30 30 30 31 30 30
50 49 53 48 49 53 53 52 52 52 52 52 53 53 56 56 56 54 52 53 52 52 54 51 50 48 48 49 50 52 54 56 59 56 52 54 56 55 51 55 59 60 56 57 54 51 51 51 50 48 45 44 43 43 43 43 42 42 42 42 42 42 41 41 41 41 40 40 40 40 40 40 39 42 51 57 57 61 64 58 55 50 46 37 34 34 34 34 31 29 30 30 31 31 30 30
49 50 50 48 51 51 50 51 50 52 52 52 52 54 56 56 56 54 51 52 52 52 54 51 48 48 48 48 50 52 54 56 59 56 58 56 51 51 48 52 57 62 57 50 49 49 49 49 49 46 45 44 43 43 43 43 42 42 42 42 42 41 41 41 41 40 40 40 40 40 40 39 40 41 49 55 53 58 61 61 57 51 46 36 35 36 35 33 31 30 30 30 31 31 30 30
50 50 49 45 50 49 48 49 50 52 52 52 53 53 54 54 53 52 51 52 53 54 53 51 48 48 49 50 51 50 52 53 53 55 59 56 55 53 48 53 55 60 57 50 50 51 49 49 47 45 44 44 43 43 43 43 42 42 42 42 42 42 41 41 41 41 40 40 40 40 40 41 43 44 51 51 55 55 58 55 50 44 41 39 37 37 37 34 31 30 30 31 31 32 30 30
45 45 42 42 46 46 44 49 52 52 52 54 54 53 52 51 49 51 51 51 52 51 49 47 48 49 52 54 52 50 50 52 55 56 56 54 51 51 51 54 55 59 57 57 60 60 56 54 52 45 44 44 43 43 43 43 43 42 42 42 42 42 41 41 41 41 41 40 40 40 41 43 41 44 48 52 51 47 44 47 43 39 38 35 37 35 35 34 31 31 30 30 31 34 33 30
41 38 38 49 49 49 48 49 50 52 52 52 53 51 51 49 51 50 50 49 49 48 48 48 49 51 52 53 50 50 52 54 55 51 51 51 48 47 51 51 55 55 62 60 57 51 49 46 46 45 44 44 43 43 43 43 43 42 42 42 42 42 42 41 41 41 41 40 40 40 42 42 44 45 46 48 47 44 40 38 38 37 36 37 35 34 33 31 31 31 30 30 31 31 31 30
37 42 45 47 48 49 49 50 52 52 52 54 54 49 49 51 50 49 50 50 50 49 49 50 51 51 52 51 50 50 52 52 52 49 47 47 47 48 51 55 61 58 60 53 50 47 46 46 46 44 44 44 44 43 43 43 43 42 42 42 42 42 41 41 41 41 41 40 40 40 42 41 44 47 46 47 47 47 43 40 38 37 35 37 37 34 33 31 31 30 30 30 30 30 31 31
38 39 42 46 49 49 51 51 52 52 54 54 52 49 51 51 49 49 52 52 52 52 52 52 51 51 50 48 46 47 50 49 49 47 47 48 48 51 51 53 61 62 55 50 47 49 52 54 53 44 44 44 43 43 43 43 43 43 42 42 42 42 42 41 41 41 41 40 40 40 40 40 41 45 47 49 50 49 47 40 38 37 36 35 33 33 31 31 31 30 30 30 30 30 31 32
38 36 42 48 48 49 52 52 52 52 53 53 50 51 52 49 48 50 52 52 52 52 53 51 51 50 46 45 45 44 45 45 47 47 51 54 51 54 57 54 61 61 57 50 48 52 57 54 51 45 44 44 44 43 43 43 43 43 42 42 42 42 42 41 41 41 41 41 40 40 40 40 41 43 45 47 51 52 51 43 38 34 33 33 33 31 31 31 31 30 30 30 30 31 31 31
43 45 45 49 50 49 49 51 52 52 52 51 47 50 45 48 50 51 51 50 51 49 49 49 47 44 46 48 53 51 48 45 45 45 47 49 53 54 58 55 55 55 56 57 54 57 61 57 56 48 46 44 44 43 43 43 43 43 42 42 42 42 42 41 41 41 41 41 40 40 40 40 43 48 49 52 55 55 47 42 38 34 33 31 33 33 33 31 30 30 30 30 31 35 33 32
45 45 45 49 49 48 49 51 52 52 52 50 46 45 45 49 50 51 50 50 48 48 49 50 44 46 48 50 54 55 50 50 47 46 45 45 47 49 53 54 55 55 57 61 59 60 61 60 57 49 46 45 45 44 43 43 43 43 42 42 42 42 42 41 41 41 41 41 40 40 40 41 45 48 52 58 61 59 50 48 42 37 33 31 31 31 31 30 30 30 30 30 31 37 36 34
45 45 45 47 47 49 49 49 52 52 50 46 45 45 47 49 51 50 48 48 48 49 49 49 43 47 51 52 54 57 57 56 50 49 48 46 46 47 51 52 52 53 53 58 58 58 57 54 54 49 46 46 46 45 43 43 43 43 42 42 42 42 42 41 41 41 41 41 40 40 40 41 46 51 53 56 61 62 58 53 44 40 34 31 30 30 30 30 30 30 30 30 30 33 34 32
38 36 38 42 47 47 49 49 52 52 50 44 44 49 47 48 49 48 48 50 50 50 48 44 46 48 51 53 54 54 57 57 54 52 50 49 47 47 48 48 51 51 55 56 56 59 57 53 51 49 48 46 46 45 43 43 43 43 42 42 42 42 42 41 41 41 41 41 41 40 40 42 48 51 54 57 59 61 57 53 49 44 38 30 30 30 30 30 30 30 30 30 30 31 31 32
34 36 38 38 42 46 47 47 49 50 45 42 46 49 46 47 48 47 48 50 49 48 44 43 47 50 51 51 52 53 54 54 54 53 55 52 51 51 48 48 51 51 52 53 53 54 53 52 52 49 46 47 46 44 44 43 43 43 42 42 42 42 42 41 41 41 41 41 41 41 40 42 45 48 54 57 59 59 58 55 47 41 35 30 30 30 30 30 30 30 30 30 30 30 31 32
33 38 43 36 36 39 39 39 41 41 42 48 50 47 45 47 45 48 50 50 48 47 44 44 49 51 51 51 50 51 52 52 54 53 52 52 53 54 48 47 48 48 51 55 53 53 54 54 52 49 49 46 44 45 44 43 43 43 42 42 42 42 42 42 41 41 41 41 41 41 40 42 45 46 53 55 59 60 46 47 42 36 31 30 30 30 30 30 30 30 30 30 30 31 32 32
38 41 43 47 47 46 47 49 49 49 50 48 46 45 48 49 51 50 50 50 47 44 47 49 50 51 51 49 49 49 49 50 50 49 49 49 49 49 51 48 48 48 46 53 56 58 54 56 55 49 49 51 51 46 44 43 43 43 43 42 42 42 42 42 41 41 41 41 41 40 40 41 43 45 51 51 56 59 50 42 37 31 30 30 30 30 30 30 30 30 30 30 30 31 31 32
42 42 42 46 47 48 48 49 49 46 45 45 45 48 49 49 51 51 50 48 44 44 47 49 49 51 51 49 50 50 51 50 50 49 49 49 49 49 51 51 48 48 48 50 55 57 55 54 56 52 54 56 55 48 45 43 43 43 43 42 42 42 42 42 42 41 41 41 41 40 42 42 43 45 51 51 56 56 43 39 35 31 30 30 30 30 30 30 30 30 30 30 30 31 31 32
45 43 43 46 47 48 48 46 45 42 43 45 46 50 49 51 50 50 50 48 44 44 48 49 50 50 50 49 48 48 49 50 51 49 49 49 49 51 53 51 51 49 48 48 51 55 57 56 57 55 56 59 58 51 45 45 45 43 43 43 42 42 42 42 42 41 41 41 41 41 42 43 43 47 51 54 54 57 47 44 38 33 30 30 30 30 30 30 30 30 30 30 30 31 32 32
39 40 41 44 44 44 43 42 45 46 48 48 48 49 49 49 50 50 48 44 44 45 49 49 50 49 48 48 48 48 48 49 50 49 49 49 51 52 53 54 54 52 51 49 50 53 56 57 57 60 55 56 62 54 48 46 45 43 43 43 42 42 42 42 42 41 41 41 41 42 42 42 43 45 48 51 51 54 50 47 42 38 32 30 30 30 30 30 30 30 30 30 30 31 33 33
43 45 45 46 46 46 46 46 46 48 49 49 48 49 49 49 49 45 44 44 48 48 49 49 48 48 47 48 48 49 50 50 50 50 50 52 52 53 55 57 61 58 55 51 50 50 53 56 57 60 64 65 59 65 58 51 46 43 43 43 43 42 42 42 42 41 41 41 41 41 42 42 42 43 45 47 48 50 42 42 38 34 31 30 30 30 30 30 30 30 31 31 31 33 33 33
40 45 47 47 47 47 47 47 48 48 49 50 50 49 49 49 46 43 44 45 44 48 48 47 47 48 47 48 49 48 48 48 48 49 50 52 53 54 58 61 64 58 56 55 51 50 52 55 56 58 60 64 62 65 56 49 46 44 43 43 43 42 42 42 42 41 41 42 42 42 42 42 43 43 47 51 51 51 42 38 37 34 31 30 30 30 30 30 30 31 31 31 31 33 33 33
34 40 43 43 43 44 46 46 48 48 48 50 50 49 49 47 45 42 49 50 48 45 47 47 47 47 47 47 48 48 48 48 49 51 52 52 53 53 56 61 64 61 61 55 53 53 53 56 57 60 64 65 62 56 48 45 44 45 43 43 43 43 42 42 42 43 42 42 42 42 42 43 43 45 51 57 57 54 50 44 38 34 31 30 30 30 30 30 31 31 31 31 31 33 33 33
36 34 36 37 39 43 46 45 48 48 48 48 48 48 46 45 42 44 50 50 50 50 49 49 47 47 47 47 48 48 48 49 50 52 52 52 52 52 53 56 61 64 67 56 55 55 53 53 54 60 60 60 59 51 53 48 47 46 44 43 43 42 43 43 43 43 42 42 42 42 42 43 45 48 62 65 62 57 50 44 38 33 31 31 31 30 31 31 31 31 31 31 32 33 33 33
43 43 40 42 39 37 39 42 46 47 48 48 46 45 43 42 45 47 50 50 50 52 52 49 50 49 48 48 48 48 48 49 50 51 52 52 52 52 52 53 56 59 64 61 61 58 56 53 53 57 57 57 56 54 57 51 46 46 44 44 44 44 43 43 43 43 42 42 43 42 42 43 45 55 66 68 62 59 47 42 37 33 31 31 31 31 31 31 31 31 31 33 33 33 33 33
47 45 46 47 47 47 46 40 43 44 40 40 45 48 48 48 49 49 50 50 50 50 49 49 50 51 51 48 48 49 48 49 50 50 50 50 50 52 52 53 56 58 59 67 67 63 61 56 54 66 60 60 63 55 54 59 57 48 46 45 44 45 45 43 43 43 43 41 42 42 42 47 52 57 65 71 70 60 44 41 37 34 32 31 31 31 31 31 31 32 33 33 33 33 33 33
47 47 47 47 47 47 47 46 40 40 43 45 46 48 48 48 48 49 50 50 50 49 48 48 51 51 50 49 48 48 48 48 49 50 50 50 50 52 54 53 54 56 58 61 68 66 63 57 54 66 66 63 65 60 59 65 61 52 47 45 44 45 47 45 44 44 42 42 42 42 43 47 51 54 65 68 62 62 46 41 38 35 33 31 31 31 31 31 32 33 33 33 33 33 33 33
47 47 47 47 47 47 47 47 46 46 48 48 48 48 48 48 49 49 50 50 50 48 48 49 51 50 49 48 47 48 48 48 49 50 49 50 52 53 56 56 56 55 57 61 65 67 64 60 56 63 71 69 67 67 65 68 68 57 46 45 45 46 47 47 41 42 42 42 42 42 43 45 47 48 56 57 57 62 54 45 41 37 34 32 31 31 31 33 33 33 33 33 33 33 33 33
48 47 47 47 47 47 47 47 47 47 48 48 48 48 48 49 49 49 50 50 49 48 48 48 48 48 47 47 47 47 48 48 48 48 50 50 52 53 54 56 57 57 57 61 61 59 64 65 60 63 70 66 60 62 62 65 65 57 46 45 46 47 47 45 45 45 42 42 42 42 43 45 47 48 54 54 57 65 57 49 42 37 35 34 32 32 32 33 33 33 33 33 34 34 34 33
47 47 47 47 47 47 47 47 48 48 48 48 48 48 49 49 49 50 50 50 48 48 48 48 47 47 47 47 47 47 47 46 38 49 48 49 50 52 55 54 56 57 56 56 58 61 65 67 61 63 71 69 63 58 59 59 60 59 46 46 48 47 45 45 47 43 42 42 42 43 47 50 55 54 57 57 59 63 63 58 47 39 37 34 33 32 33 33 33 33 33 33 34 34 34 34
48 47 47 47 47 47 47 47 48 48 48 48 48 48 49 49 51 50 49 48 48 48 48 48 47 47 47 47 47 47 47 46 46 47 47 48 49 49 52 53 54 53 53 54 56 58 60 61 68 60 60 60 60 55 52 51 50 51 54 51 47 43 43 42 42 42 42 42 44 47 49 55 63 67 65 65 68 71 70 60 57 60 50 35 34 34 34 33 33 33 33 34 34 35 35 35
45 45 46 47 47 49 49 48 48 49 49 48 46 48 48 49 49 49 49 49 48 48 48 48 47 47 47 47 47 47 47 46 46 47 47 48 49 50 52 52 51 51 51 54 56 58 63 68 71 64 60 60 60 60 59 58 57 57 57 51 48 46 46 42 42 42 42 42 47 48 50 55 61 68 71 74 76 80 68 70 69 64 56 38 35 34 34 34 34 34 34 34 34 37 35 37
43 43 44 47 47 47 47 48 48 49 48 46 44 46 48 48 49 49 49 48 47 48 48 48 48 48 47 47 47 47 47 46 46 47 47 47 49 49 49 49 50 51 51 53 56 59 63 66 68 69 66 60 60 59 61 60 59 59 61 54 50 46 43 42 42 43 43 44 50 51 52 53 55 58 71 79 78 74 77 77 68 57 49 39 38 35 34 34 34 34 34 34 36 36 35 37
43 43 44 47 47 46 47 49 49 48 47 46 44 46 46 46 48 47 47 48 48 48 48 48 49 49 48 47 47 47 47 47 46 47 48 48 48 49 49 51 52 51 51 54 55 58 61 61 61 69 69 61 58 58 61 59 56 54 54 55 54 47 46 42 47 49 48 48 57 58 55 55 55 55 72 74 68 64 74 70 57 51 45 45 42 38 34 34 34 34 34 35 35 35 36 35
41 44 46 46 46 46 46 47 49 47 47 47 44 47 48 47 46 48 49 48 49 48 48 48 49 49 48 47 47 47 47 47 48 48 50 48 48 48 50 52 52 52 52 54 55 56 56 58 60 66 66 63 57 57 62 62 59 58 56 54 53 51 49 42 48 53 52 50 63 63 60 58 58 64 64 65 61 61 69 69 57 49 49 50 45 39 35 34 34 34 34 37 36 35 37 37
40 42 43 43 42 44 45 46 46 40 43 44 44 46 48 48 48 48 49 49 49 48 48 50 49 49 49 48 47 47 48 48 48 47 47 50 50 50 52 51 51 51 51 52 53 54 56 56 56 57 59 56 55 48 54 58 59 54 50 51 51 51 51 43 47 53 59 59 59 63 66 63 63 67 58 61 63 63 63 61 63 63 60 48 44 40 37 35 35 35 36 37 37 37 37 38
41 42 41 41 43 44 45 44 39 40 46 47 47 47 46 47 48 48 49 49 49 48 48 50 49 48 49 48 47 48 48 48 48 47 47 50 50 52 51 51 51 51 51 51 54 55 54 55 55 56 56 53 48 46 49 50 51 49 51 52 54 57 53 46 47 53 59 63 63 64 67 69 67 67 57 57 55 58 57 63 66 64 60 48 45 40 38 37 36 36 36 37 38 38 38 38
41 37 38 41 41 42 45 44 41 46 46 47 47 47 48 48 48 48 49 49 49 49 48 48 48 48 48 49 49 48 48 48 48 49 49 50 51 52 52 52 52 51 51 54 54 53 51 51 53 56 53 47 45 47 48 48 49 51 54 57 57 61 56 47 46 53 59 60 59 63 66 66 66 60 53 52 55 60 57 60 65 64 60 47 41 39 38 38 38 38 37 37 38 38 39 38
