maxent/maxent_rasters/bio15_precip_seasonality.asc
ncols        1049
nrows        959
xllcorner    -124.500000000000
yllcorner    32.500000000000
cellsize     0.010000000000
NODATA_value -9999
[rows 135 to 179 of 959, columns 384 to 479 of 1049]
47 48 47 46 46 45 45 46 45 44 44 44 44 43 43 43 42 42 42 41 42 42 42 42 42 42 41 41 40 40 39 39 39 39 39 39 39 40 41 41 41 42 42 40 39 39 39 38 38 37 38 38 37 38 38 37 37 37 37 37 36 36 36 36 36 36 37 36 36 36 36 36 36 36 36 36 36 37 38 38 38 38 38 38 38 36 35 35 36 35 35 34 35 35 35 34
48 47 47 47 47 46 46 46 45 44 45 44 45 44 44 44 43 43 42 42 42 43 43 43 42 42 41 41 40 40 40 40 39 39 39 39 39 39 40 39 39 40 40 39 40 40 40 39 39 39 39 39 39 38 38 38 38 37 37 37 37 36 37 38 38 38 37 37 36 37 37 37 37 37 37 37 37 38 37 37 37 38 37 38 38 37 36 36 34 34 36 35 35 34 34 34
47 47 47 48 47 47 46 46 45 45 44 44 45 45 44 44 44 44 43 43 43 43 44 44 42 42 41 41 41 40 40 40 40 40 40 39 39 38 39 39 40 39 39 40 40 41 41 41 40 40 38 39 39 39 38 38 38 38 37 38 37 36 36 38 38 36 37 38 37 37 37 37 37 37 37 37 37 38 36 36 37 37 38 37 37 38 36 36 35 34 34 35 35 35 34 34
48 47 47 47 48 49 47 47 46 45 45 45 45 46 45 44 44 44 43 43 43 43 44 43 42 42 42 41 41 41 41 40 40 39 40 40 40 39 39 39 39 39 40 41 41 42 43 42 40 39 38 39 39 39 38 38 38 38 38 38 37 38 37 37 38 38 38 38 37 37 37 36 36 36 37 37 37 37 37 37 37 37 38 38 38 38 38 37 35 35 35 35 35 35 36 35
48 48 47 48 48 49 48 48 46 46 45 45 46 45 45 44 44 44 43 44 44 43 43 43 42 42 42 41 41 41 41 41 40 40 40 40 40 40 40 40 40 40 40 42 42 42 42 41 40 39 39 39 39 39 38 38 38 38 38 38 38 38 38 37 38 38 38 38 37 36 36 37 37 37 37 37 37 37 36 37 37 36 38 38 38 38 38 37 36 35 35 35 35 35 35 35
49 48 47 47 48 49 49 47 47 46 46 45 45 45 44 44 44 44 43 43 43 43 43 43 42 42 42 42 41 41 41 42 41 40 40 41 40 40 40 40 40 41 41 42 42 42 42 40 40 40 39 39 39 39 39 39 39 38 39 39 39 38 38 37 38 38 38 38 37 37 37 38 37 37 36 37 37 37 37 37 37 37 38 38 39 38 38 38 37 35 35 36 36 35 35 35
50 49 48 48 48 48 48 48 47 47 46 46 46 46 46 45 45 45 45 45 44 44 44 44 44 43 43 43 42 41 41 42 42 41 41 40 41 41 42 41 41 40 40 40 41 41 41 41 40 39 40 40 40 41 40 40 40 40 39 40 38 39 39 38 38 38 38 39 38 38 37 36 38 37 37 37 37 37 38 38 38 39 39 40 40 38 38 38 39 38 38 37 37 36 35 35
51 50 50 49 49 48 48 48 47 47 47 47 47 46 47 45 45 45 46 45 45 45 45 45 44 43 43 42 42 42 42 42 42 42 42 42 42 42 41 41 41 41 41 40 40 40 41 40 39 40 40 40 40 41 41 40 40 39 40 40 40 40 40 39 39 38 39 39 38 38 38 37 39 38 37 37 37 37 38 37 38 39 39 39 39 40 37 37 40 39 38 38 38 37 35 35
50 50 50 49 49 48 48 49 47 47 47 46 47 47 47 46 46 46 46 46 46 45 44 45 44 43 44 43 43 43 42 42 42 42 42 42 42 43 42 42 41 41 41 41 40 40 40 40 40 39 41 40 41 41 40 41 40 40 39 39 40 41 40 40 39 39 39 38 38 38 39 38 38 38 36 37 36 37 37 38 39 39 39 40 39 38 38 38 40 39 40 40 40 38 37 36
50 50 50 49 49 49 49 48 48 48 47 47 47 47 47 47 46 47 47 46 46 46 45 46 44 44 43 44 43 43 43 43 43 42 42 43 43 43 43 43 43 43 43 41 41 41 40 40 41 40 41 40 41 41 40 40 40 40 39 40 40 39 40 41 40 40 40 39 40 38 39 39 38 37 37 36 36 36 37 38 37 38 39 39 40 40 40 38 40 40 39 39 39 39 38 37
49 49 50 49 49 50 49 48 48 48 47 47 47 48 48 48 47 47 46 46 46 46 46 45 45 44 43 44 44 44 44 43 43 43 42 43 43 42 43 44 44 44 44 43 42 41 42 40 41 41 41 40 40 40 40 40 40 40 39 39 40 40 39 41 42 41 41 41 40 40 39 38 38 38 37 36 37 37 38 37 38 38 39 40 40 39 41 38 40 40 40 40 39 40 38 38
51 50 50 49 49 49 50 49 49 49 48 49 49 48 48 49 48 48 46 46 46 47 47 47 45 45 44 44 44 43 44 44 43 43 43 43 44 43 43 44 44 45 45 44 43 43 42 41 41 41 41 41 41 40 40 39 40 39 39 39 40 39 40 40 42 42 42 42 41 40 40 40 39 39 38 37 37 37 38 38 39 40 39 40 39 40 40 40 41 41 41 41 40 39 39 39
50 50 50 50 50 50 49 50 49 49 49 48 48 48 49 49 49 48 47 47 46 46 47 48 45 46 45 45 44 45 45 44 44 43 44 43 44 44 44 45 45 46 45 45 45 44 42 41 42 41 41 41 41 40 40 40 40 40 40 39 40 39 39 40 40 42 43 42 41 41 41 40 40 40 39 39 38 38 37 38 38 40 39 40 40 40 41 41 41 41 41 41 42 39 39 39
51 50 50 50 51 50 50 51 50 50 49 49 49 49 48 48 49 48 47 47 46 48 48 49 47 47 46 45 46 46 44 45 45 46 46 45 45 46 45 46 46 46 46 45 45 45 44 43 43 41 41 42 42 41 41 41 41 40 40 40 40 40 39 41 40 41 42 43 41 41 42 41 40 40 39 39 39 38 38 38 38 40 39 40 41 40 41 42 42 41 41 41 41 40 40 40
51 51 51 51 52 52 51 51 51 50 49 49 49 48 49 49 48 48 48 48 48 48 49 49 48 48 48 46 46 46 47 47 47 47 47 47 47 47 46 46 47 47 46 46 45 45 45 45 45 43 42 42 42 41 40 41 41 41 41 40 40 40 40 40 41 41 42 43 42 42 42 41 40 40 40 40 39 39 38 39 38 39 39 41 41 41 42 42 41 41 42 41 41 41 40 40
52 52 53 51 51 52 51 51 52 50 49 50 49 49 49 48 49 49 50 50 50 50 50 49 49 48 48 48 45 47 48 48 48 48 47 47 47 47 47 47 47 47 46 46 45 45 45 45 45 42 42 42 42 41 42 41 41 41 41 41 40 40 40 41 41 41 42 43 43 42 42 42 42 41 41 41 39 39 39 39 39 39 39 41 41 42 42 42 41 41 41 41 41 41 40 40
53 53 54 54 54 53 53 52 53 53 51 51 50 50 49 49 49 49 50 51 51 51 51 50 49 49 49 50 49 50 49 49 49 48 49 49 49 49 49 48 48 48 47 47 46 46 45 44 43 43 43 42 41 41 41 40 40 41 42 43 42 43 42 42 43 43 43 43 43 43 42 42 42 42 42 41 40 39 39 39 40 40 40 42 43 42 42 42 42 42 42 41 42 40 39 40
55 55 54 54 54 54 53 53 52 54 53 52 51 49 50 49 49 50 51 52 52 52 52 52 51 50 50 50 50 50 50 50 49 49 48 49 49 49 49 49 49 48 48 47 46 46 46 45 44 43 43 42 41 41 41 41 41 41 42 42 44 44 43 41 42 43 43 42 43 43 43 43 42 42 41 40 39 40 39 41 40 40 41 42 43 43 42 43 42 42 41 41 41 42 41 40
56 56 55 54 54 54 54 53 53 53 53 52 51 50 49 50 50 50 52 53 52 52 52 52 51 51 51 50 50 51 50 50 51 50 49 49 49 49 49 48 48 49 48 48 48 47 47 46 45 45 43 43 42 41 41 41 41 41 42 42 44 44 44 43 44 44 44 43 43 43 44 43 43 43 41 40 39 39 39 39 41 40 41 42 43 43 43 43 42 42 42 42 41 41 41 41
56 56 56 55 55 54 54 54 54 53 53 52 51 51 50 50 50 52 52 53 52 52 52 52 52 51 51 50 50 50 50 50 51 51 51 51 49 49 50 49 49 49 49 47 48 48 47 46 46 46 45 43 43 41 41 41 41 41 42 42 44 44 44 44 43 43 43 44 43 43 44 44 43 44 42 40 39 39 40 41 41 41 42 41 43 44 43 42 42 42 41 40 41 41 41 40
56 56 56 55 56 55 55 54 55 53 53 51 51 52 51 50 52 53 53 53 54 53 53 53 51 52 51 51 51 50 50 51 51 51 50 50 50 50 49 49 49 49 48 47 47 49 48 47 47 47 46 46 45 42 42 42 42 41 42 42 44 44 44 44 44 43 42 42 41 42 41 42 42 43 43 42 41 40 40 41 41 42 42 43 43 43 43 43 42 41 41 41 41 40 41 40
56 56 56 55 55 55 55 55 55 54 53 52 51 53 53 52 53 53 54 55 55 54 53 52 51 51 51 51 51 51 51 51 51 51 50 50 50 51 50 50 50 49 50 49 49 47 47 49 47 47 46 46 45 43 43 43 42 42 42 43 45 45 45 42 42 42 42 42 41 42 40 40 40 41 43 44 42 42 42 42 42 42 42 44 43 44 43 42 42 42 41 41 41 41 40 40
55 54 54 54 54 55 55 56 55 55 55 54 54 52 52 52 53 53 55 55 55 54 54 53 53 52 52 52 52 52 52 52 52 52 51 52 51 51 51 50 50 50 49 48 48 48 47 47 47 47 47 46 46 46 45 45 44 44 44 45 45 43 43 42 42 41 40 40 39 40 40 40 40 40 43 43 44 45 45 45 44 44 45 44 43 43 43 42 42 42 41 41 41 40 40 41
55 55 54 53 54 54 55 55 55 56 55 54 54 53 52 53 54 55 56 55 55 54 54 54 53 53 53 53 53 53 53 52 52 52 52 52 51 51 51 51 50 49 49 48 48 48 47 47 47 47 47 47 46 45 46 45 44 43 44 45 45 44 43 42 41 40 40 40 40 40 41 41 40 40 42 43 44 44 45 45 44 45 45 44 44 44 43 43 43 42 42 42 41 41 41 40
54 54 54 53 53 54 54 55 55 56 56 55 55 55 53 54 55 56 57 56 55 55 55 55 54 54 54 53 53 53 53 53 53 52 52 52 52 52 51 51 51 50 49 49 49 49 48 48 47 46 46 46 47 46 46 46 45 44 45 45 43 43 42 43 42 42 41 41 40 40 40 41 41 40 42 43 44 44 45 45 45 45 45 44 44 44 44 43 41 41 42 41 41 41 41 41
54 54 54 53 53 53 53 53 56 56 56 56 55 55 55 56 57 57 56 56 56 55 55 55 55 55 55 55 54 53 52 53 53 53 53 53 52 52 51 51 50 50 50 49 49 50 49 48 48 47 46 47 47 47 46 46 46 46 45 45 44 43 43 43 42 41 42 41 41 41 41 41 42 41 42 44 44 45 45 46 46 45 45 45 44 43 44 43 42 42 41 41 41 41 41 41
54 54 56 58 58 56 54 54 55 55 55 55 55 56 56 56 55 55 57 58 57 58 57 56 57 57 55 53 50 50 51 51 51 53 53 53 52 53 52 52 51 51 51 50 50 50 49 48 48 48 47 47 46 45 47 47 46 45 44 44 43 43 43 42 42 42 42 43 42 42 41 41 41 41 44 44 45 45 45 46 46 46 45 44 43 43 43 43 42 42 41 42 42 41 42 41
55 56 57 60 62 60 57 56 56 56 56 56 56 56 56 55 56 57 57 58 59 58 57 57 58 56 54 53 50 50 50 51 50 52 52 53 53 52 53 53 51 51 51 50 50 50 50 50 48 47 46 46 45 45 46 47 46 45 44 45 44 43 44 43 43 42 42 43 43 42 42 41 41 42 44 44 45 44 45 46 45 45 45 45 44 43 43 43 43 42 42 42 41 42 42 41
58 58 58 62 62 62 60 58 56 56 56 57 57 57 57 57 57 57 58 59 59 59 59 57 58 56 54 52 51 50 50 50 50 52 52 54 53 53 53 53 52 52 51 51 51 50 50 50 49 46 45 46 46 46 46 46 45 45 45 45 45 44 43 43 43 43 43 43 43 42 41 41 41 41 43 45 45 45 44 46 46 45 45 44 44 43 43 43 42 42 42 42 42 42 41 42
62 61 61 63 63 64 63 60 58 56 56 56 57 57 59 58 58 58 59 60 60 60 59 58 58 56 53 52 51 50 50 50 50 50 51 52 53 53 53 53 52 52 51 51 51 51 50 50 50 48 45 45 46 46 46 46 46 46 45 44 45 46 45 44 44 44 43 43 43 43 42 41 42 41 42 43 45 45 44 46 46 46 45 44 44 44 43 44 43 43 43 43 41 41 42 41
63 63 63 64 64 65 64 63 60 58 57 58 59 59 59 59 59 60 60 60 59 59 60 59 58 57 54 53 50 51 51 50 51 51 50 52 53 53 53 53 52 52 52 52 52 52 51 50 50 50 46 47 46 46 46 46 46 45 45 45 44 44 44 44 44 44 44 43 43 41 42 41 42 41 42 43 44 45 44 47 47 46 46 44 44 44 44 43 42 43 43 41 41 42 42 42
64 64 64 65 64 64 64 65 64 64 62 62 63 60 61 62 62 61 60 59 59 59 60 60 58 55 55 54 53 52 52 53 53 52 51 52 53 53 53 51 50 50 52 51 51 51 51 50 49 49 49 47 46 46 46 46 46 45 44 45 45 44 44 44 43 44 44 44 43 41 42 41 41 41 41 42 43 45 45 45 47 46 46 44 44 44 43 43 42 42 42 43 43 42 42 42
64 64 64 64 64 63 64 64 63 64 64 64 64 63 62 62 63 63 61 61 60 60 60 61 59 57 54 54 54 52 53 54 55 55 55 54 54 55 53 52 50 50 52 52 51 51 50 49 48 49 48 47 46 45 45 45 45 45 45 44 44 44 44 44 45 45 45 43 43 43 43 42 41 41 42 42 43 45 45 45 45 46 46 44 44 43 43 43 42 43 43 42 42 42 42 42
65 65 64 64 64 64 65 64 64 65 64 63 63 63 63 63 63 63 63 62 62 61 61 60 59 57 55 55 56 54 53 54 55 56 56 56 55 55 55 54 53 52 52 51 51 50 49 48 49 49 48 47 46 46 46 46 45 45 45 44 45 45 45 45 44 45 45 45 43 43 43 41 42 41 41 42 43 46 44 45 45 47 46 46 45 45 44 43 43 42 43 42 43 42 42 42
65 65 65 64 65 65 65 65 65 65 64 64 63 63 63 63 63 63 63 63 62 62 61 60 60 59 58 57 57 56 54 54 56 58 58 58 57 57 56 55 55 54 54 51 50 49 48 48 48 48 47 47 46 46 46 46 45 45 45 44 45 44 44 44 45 45 45 45 44 43 43 42 42 42 42 42 42 44 45 45 46 45 46 45 45 44 44 44 43 43 43 43 43 42 42 42
66 66 65 65 66 66 66 65 65 65 64 64 64 63 63 63 63 63 63 62 62 61 61 60 61 61 60 60 59 58 58 58 58 59 58 58 58 58 57 57 57 54 54 52 51 50 48 49 48 47 47 47 47 47 47 46 45 45 45 45 45 45 44 44 44 44 45 45 44 44 43 42 42 42 42 42 43 44 46 46 45 44 44 46 46 44 45 44 44 44 44 44 43 42 43 43
67 67 67 66 66 66 66 66 66 66 66 66 65 65 64 64 64 64 63 61 61 61 61 61 61 60 61 61 60 59 59 59 58 59 58 58 58 58 58 57 57 56 54 54 54 53 53 53 51 48 46 47 46 48 48 47 46 45 45 45 45 45 45 44 44 45 44 45 45 43 43 43 42 42 43 43 44 45 45 45 45 43 45 45 45 45 44 44 44 45 44 44 44 43 43 43
67 67 67 67 67 66 66 66 67 66 66 66 66 65 65 65 65 64 62 62 62 61 61 61 60 61 60 60 59 59 59 59 58 58 58 58 58 58 57 57 57 57 56 56 55 54 54 53 50 47 47 47 46 48 48 47 47 46 46 45 45 44 45 46 45 46 46 46 45 44 44 44 43 42 43 44 46 47 46 46 45 44 45 45 45 45 44 44 45 44 45 45 44 43 44 43
67 67 67 67 67 66 66 65 66 66 66 66 66 65 65 65 64 65 63 63 62 61 61 61 61 60 60 61 60 59 60 59 58 58 58 58 58 57 57 55 56 55 56 56 56 55 54 54 52 48 48 47 47 46 46 47 47 46 46 45 46 45 45 46 46 46 46 46 45 45 44 44 43 42 43 46 47 47 46 46 44 44 45 47 45 45 44 44 45 45 44 45 45 44 44 44
66 66 66 66 67 66 66 65 65 66 66 66 65 65 64 64 63 63 63 60 60 59 60 61 61 61 61 60 60 60 59 59 59 59 58 58 57 57 57 57 56 56 56 56 57 55 55 54 52 48 47 47 47 47 46 46 46 46 45 45 45 45 44 46 46 46 46 46 45 45 44 44 44 43 44 47 48 47 46 46 45 44 45 47 46 45 45 44 45 45 44 44 44 45 44 44
65 64 65 64 65 65 65 64 66 65 64 65 64 63 64 63 62 63 62 60 59 59 59 61 61 61 61 60 60 60 60 59 60 58 59 58 58 58 57 57 57 58 57 57 56 56 55 55 52 48 48 48 48 47 46 46 46 46 46 46 45 45 46 46 47 47 46 47 44 46 44 44 44 44 45 46 48 47 46 46 45 44 44 46 46 45 45 44 45 45 45 45 45 44 44 43
61 61 62 64 64 64 64 64 65 66 66 66 66 66 66 66 65 65 64 64 63 63 63 63 64 63 63 62 61 61 60 59 59 59 59 59 59 59 58 58 58 57 57 57 57 57 55 55 53 50 50 49 49 47 47 47 47 46 47 47 47 47 47 47 47 47 46 46 46 45 45 45 45 44 46 47 47 47 47 47 45 44 44 45 47 46 46 46 46 45 45 45 45 45 45 42
59 59 61 62 64 65 65 67 67 67 67 66 66 66 66 66 65 65 65 64 63 63 62 63 63 64 63 63 61 61 61 61 60 59 59 59 58 59 58 58 58 58 57 58 57 57 57 56 55 52 51 51 50 49 49 48 48 47 47 48 48 48 48 47 47 49 47 47 46 46 45 44 44 44 46 48 48 48 48 47 46 45 44 45 47 47 46 46 46 45 45 46 45 44 44 42
58 59 59 60 61 61 63 65 67 67 67 66 66 65 65 66 65 65 65 64 63 62 62 62 63 63 64 63 62 62 62 61 61 60 59 59 59 59 59 58 58 58 58 57 57 57 57 56 56 55 54 53 52 52 51 51 50 49 49 47 48 48 48 47 49 47 48 47 46 45 45 45 44 44 45 47 48 48 47 47 46 46 45 46 46 47 47 46 45 45 45 45 45 44 44 42
58 59 58 59 59 59 60 62 65 66 65 65 65 65 65 65 65 65 65 65 64 63 63 62 62 63 63 63 63 62 62 62 62 60 60 60 59 59 59 59 58 58 57 57 58 57 56 57 56 55 56 54 54 54 53 52 52 52 51 51 49 48 48 50 50 49 47 47 46 46 45 45 44 44 46 47 47 47 47 47 45 45 45 46 47 47 47 46 45 45 45 45 44 44 44 41
