maxent/maxent_rasters/bio18_precip_warmest.asc
ncols        1049
nrows        959
xllcorner    -124.500000000000
yllcorner    32.500000000000
cellsize     0.010000000000
NODATA_value -9999
[rows 0 to 46 of 959, columns 0 to 95 of 1049]
-9999 -9999 -9999 -9999 -9999 -9999 -9999 -9999 -9999 -9999 -9999 -9999 -9999 -9999 -9999 -9999 -9999 -9999 -9999 -9999 -9999 -9999 -9999 -9999 -9999 -9999 -9999 -9999 -9999 -9999 -9999 -9999 -9999 -9999 -9999 -9999 -9999 -9999 -9999 -9999 -9999 -9999 -9999 -9999 -9999 -9999 -9999 -9999 -9999 -9999 -9999 -9999 -9999 -9999 -9999 -9999 -9999 -9999 -9999 -9999 -9999 -9999 -9999 -9999 -9999 -9999 -9999 -9999 -9999 -9999 -9999 -9999 -9999 -9999 -9999 -9999 -9999 -9999 -9999 -9999 -9999 -9999 -9999 -9999 -9999 -9999 -9999 -9999 -9999 -9999 -9999 -9999 -9999 -9999 -9999 -9999
-9999 -9999 -9999 -9999 -9999 -9999 -9999 -9999 -9999 -9999 -9999 -9999 -9999 -9999 -9999 -9999 -9999 -9999 -9999 -9999 -9999 -9999 -9999 -9999 -9999 -9999 -9999 -9999 -9999 -9999 -9999 -9999 -9999 -9999 -9999 -9999 -9999 -9999 -9999 -9999 -9999 -9999 -9999 -9999 -9999 -9999 -9999 -9999 -9999 -9999 -9999 -9999 -9999 -9999 -9999 -9999 -9999 -9999 -9999 -9999 -9999 -9999 -9999 -9999 -9999 -9999 -9999 -9999 -9999 -9999 -9999 -9999 -9999 -9999 -9999 -9999 -9999 -9999 -9999 -9999 -9999 -9999 -9999 -9999 -9999 -9999 -9999 -9999 -9999 -9999 -9999 -9999 -9999 -9999 -9999 -9999
-9999 -9999 -9999 -9999 -9999 -9999 -9999 -9999 -9999 -9999 -9999 -9999 -9999 -9999 -9999 -9999 -9999 -9999 -9999 -9999 -9999 -9999 -9999 -9999 -9999 -9999 -9999 -9999 -9999 -9999 -9999 -9999 -9999 -9999 -9999 -9999 -9999 -9999 -9999 -9999 -9999 -9999 -9999 -9999 -9999 -9999 -9999 -9999 -9999 -9999 -9999 -9999 -9999 -9999 -9999 -9999 -9999 -9999 -9999 -9999 -9999 -9999 -9999 -9999 -9999 -9999 -9999 -9999 -9999 -9999 -9999 -9999 -9999 -9999 -9999 -9999 -9999 -9999 -9999 -9999 -9999 -9999 -9999 -9999 -9999 -9999 -9999 -9999 -9999 -9999 -9999 -9999 -9999 -9999 -9999 -9999
-9999 -9999 -9999 -9999 -9999 -9999 -9999 -9999 -9999 -9999 -9999 -9999 -9999 -9999 -9999 -9999 -9999 -9999 -9999 -9999 -9999 -9999 -9999 -9999 -9999 -9999 -9999 -9999 -9999 -9999 -9999 -9999 -9999 -9999 -9999 -9999 -9999 -9999 -9999 -9999 -9999 -9999 -9999 -9999 -9999 -9999 -9999 -9999 -9999 -9999 -9999 -9999 -9999 -9999 -9999 -9999 -9999 -9999 -9999 -9999 -9999 -9999 -9999 -9999 -9999 -9999 -9999 -9999 -9999 -9999 -9999 -9999 -9999 -9999 -9999 -9999 -9999 -9999 -9999 -9999 -9999 -9999 -9999 -9999 -9999 -9999 -9999 -9999 -9999 -9999 -9999 -9999 -9999 -9999 -9999 -9999
-9999 -9999 -9999 -9999 -9999 -9999 -9999 -9999 -9999 -9999 -9999 -9999 -9999 -9999 -9999 -9999 -9999 -9999 -9999 -9999 -9999 -9999 -9999 -9999 -9999 -9999 -9999 -9999 -9999 -9999 -9999 -9999 -9999 -9999 -9999 -9999 -9999 -9999 -9999 -9999 -9999 -9999 -9999 -9999 -9999 -9999 -9999 -9999 -9999 -9999 -9999 -9999 -9999 -9999 -9999 -9999 -9999 -9999 -9999 -9999 -9999 -9999 -9999 -9999 -9999 -9999 -9999 -9999 -9999 -9999 -9999 -9999 -9999 -9999 -9999 -9999 -9999 -9999 -9999 -9999 -9999 -9999 -9999 -9999 -9999 -9999 -9999 -9999 -9999 -9999 -9999 -9999 -9999 -9999 -9999 -9999
-9999 -9999 -9999 -9999 -9999 -9999 -9999 -9999 -9999 -9999 -9999 -9999 -9999 -9999 -9999 -9999 -9999 -9999 -9999 -9999 -9999 -9999 -9999 -9999 -9999 -9999 -9999 -9999 -9999 -9999 -9999 -9999 -9999 -9999 -9999 -9999 -9999 -9999 -9999 -9999 -9999 -9999 -9999 -9999 -9999 -9999 -9999 -9999 -9999 -9999 -9999 -9999 -9999 -9999 -9999 -9999 -9999 -9999 -9999 -9999 -9999 -9999 -9999 -9999 -9999 -9999 -9999 -9999 -9999 -9999 -9999 -9999 -9999 -9999 -9999 -9999 -9999 -9999 -9999 -9999 -9999 -9999 -9999 -9999 -9999 -9999 -9999 -9999 -9999 -9999 -9999 -9999 -9999 -9999 -9999 -9999
-9999 -9999 -9999 -9999 -9999 -9999 -9999 -9999 -9999 -9999 -9999 -9999 -9999 -9999 -9999 -9999 -9999 -9999 -9999 -9999 -9999 -9999 -9999 -9999 -9999 -9999 -9999 -9999 -9999 -9999 -9999 -9999 -9999 -9999 -9999 -9999 -9999 -9999 -9999 -9999 -9999 -9999 -9999 -9999 -9999 -9999 -9999 -9999 -9999 -9999 -9999 -9999 -9999 -9999 -9999 -9999 -9999 -9999 -9999 -9999 -9999 -9999 -9999 -9999 -9999 -9999 -9999 -9999 -9999 -9999 -9999 -9999 -9999 -9999 -9999 -9999 -9999 -9999 -9999 -9999 -9999 -9999 -9999 -9999 -9999 -9999 -9999 -9999 -9999 -9999 -9999 -9999 -9999 -9999 -9999 -9999
-9999 -9999 -9999 -9999 -9999 -9999 -9999 -9999 -9999 -9999 -9999 -9999 -9999 -9999 -9999 -9999 -9999 -9999 -9999 -9999 -9999 -9999 -9999 -9999 -9999 -9999 -9999 -9999 -9999 -9999 -9999 -9999 -9999 -9999 -9999 -9999 -9999 -9999 -9999 -9999 -9999 -9999 -9999 -9999 -9999 -9999 -9999 -9999 -9999 -9999 -9999 -9999 -9999 -9999 -9999 -9999 -9999 -9999 -9999 -9999 -9999 -9999 -9999 -9999 -9999 -9999 -9999 -9999 -9999 -9999 -9999 -9999 -9999 -9999 -9999 -9999 -9999 -9999 -9999 -9999 -9999 -9999 -9999 -9999 -9999 -9999 -9999 -9999 -9999 -9999 -9999 -9999 -9999 -9999 -9999 -9999
-9999 -9999 -9999 -9999 -9999 -9999 -9999 -9999 -9999 -9999 -9999 -9999 -9999 -9999 -9999 -9999 -9999 -9999 -9999 -9999 -9999 -9999 -9999 -9999 -9999 -9999 -9999 -9999 -9999 -9999 -9999 -9999 -9999 -9999 -9999 -9999 -9999 -9999 -9999 -9999 -9999 -9999 -9999 -9999 -9999 -9999 -9999 -9999 -9999 -9999 -9999 -9999 -9999 -9999 -9999 -9999 -9999 -9999 -9999 -9999 -9999 -9999 -9999 -9999 -9999 -9999 -9999 -9999 -9999 -9999 -9999 -9999 -9999 -9999 -9999 -9999 -9999 -9999 -9999 -9999 -9999 -9999 -9999 -9999 -9999 -9999 -9999 -9999 -9999 63 71 71 76 76 79 81
-9999 -9999 -9999 -9999 -9999 -9999 -9999 -9999 -9999 -9999 -9999 -9999 -9999 -9999 -9999 -9999 -9999 -9999 -9999 -9999 -9999 -9999 -9999 -9999 -9999 -9999 -9999 -9999 -9999 95 95 90 89 88 90 88 88 86 86 85 84 83 82 83 84 83 82 81 80 80 80 80 78 77 76 77 77 81 77 76 74 72 75 76 76 75 75 78 77 77 74 74 70 70 72 66 65 63 63 64 64 65 66 71 72 68 64 59 59 60 63 64 73 79 84 86
-9999 -9999 -9999 -9999 -9999 -9999 -9999 -9999 -9999 -9999 -9999 -9999 -9999 -9999 -9999 -9999 -9999 -9999 -9999 -9999 -9999 -9999 -9999 -9999 -9999 -9999 -9999 -9999 -9999 95 98 98 94 88 87 86 87 86 86 86 85 84 82 84 83 82 82 82 82 80 80 80 77 78 77 77 79 78 75 75 73 74 76 75 73 73 73 77 77 77 74 74 72 72 72 68 66 64 63 64 64 65 68 66 70 70 66 64 62 60 60 63 71 76 84 90
-9999 -9999 -9999 -9999 -9999 -9999 -9999 -9999 -9999 -9999 -9999 -9999 -9999 -9999 -9999 -9999 -9999 -9999 -9999 -9999 -9999 -9999 -9999 -9999 -9999 -9999 -9999 -9999 -9999 -9999 -9999 98 94 93 91 90 89 87 87 86 86 86 85 84 83 82 82 82 80 79 80 80 78 78 77 77 77 76 73 75 73 72 73 76 77 77 78 77 73 72 75 74 77 74 68 68 67 65 67 64 64 66 67 70 75 74 67 70 73 68 64 63 66 68 73 82
-9999 -9999 -9999 -9999 -9999 -9999 -9999 -9999 -9999 -9999 -9999 -9999 -9999 -9999 -9999 -9999 -9999 -9999 -9999 -9999 -9999 -9999 -9999 -9999 -9999 -9999 -9999 -9999 -9999 -9999 -9999 97 94 90 91 90 90 89 88 87 85 86 85 85 83 83 83 81 79 79 80 80 78 78 77 76 76 76 75 75 74 74 76 78 80 78 77 75 72 72 71 70 75 72 67 67 68 67 67 67 64 67 67 71 77 73 67 73 78 71 69 64 63 65 71 79
-9999 -9999 -9999 -9999 -9999 -9999 -9999 -9999 -9999 -9999 -9999 -9999 -9999 -9999 -9999 -9999 -9999 -9999 -9999 -9999 -9999 -9999 -9999 -9999 -9999 -9999 -9999 -9999 -9999 -9999 -9999 98 97 94 92 91 91 91 89 88 87 86 86 86 86 84 83 80 79 79 79 78 79 77 76 76 75 75 73 74 75 78 78 78 80 75 73 73 72 69 70 73 72 68 67 66 66 69 69 69 67 66 68 74 79 76 71 73 81 82 76 66 68 67 72 83
-9999 -9999 -9999 -9999 -9999 -9999 -9999 -9999 -9999 -9999 -9999 -9999 -9999 -9999 -9999 -9999 -9999 -9999 -9999 -9999 -9999 -9999 -9999 -9999 -9999 -9999 -9999 -9999 -9999 -9999 -9999 95 95 94 94 92 91 92 90 89 88 87 85 85 84 84 83 81 81 79 79 79 78 79 79 77 76 75 75 74 75 77 76 76 80 77 73 72 72 69 71 70 67 66 66 66 68 67 67 65 67 68 68 76 83 79 77 70 76 82 76 68 72 75 76 86
-9999 -9999 -9999 -9999 -9999 -9999 -9999 -9999 -9999 -9999 -9999 -9999 -9999 -9999 -9999 -9999 -9999 -9999 -9999 -9999 -9999 -9999 -9999 -9999 -9999 -9999 -9999 -9999 -9999 -9999 -9999 92 92 92 93 92 93 91 89 88 89 88 87 84 83 82 81 82 81 79 80 79 81 81 80 79 79 76 75 76 76 78 73 73 77 75 71 74 71 69 70 71 69 66 66 67 67 65 65 66 66 67 69 79 87 82 84 73 76 80 73 71 74 83 81 88
-9999 -9999 -9999 -9999 -9999 -9999 -9999 -9999 -9999 -9999 -9999 -9999 -9999 -9999 -9999 -9999 -9999 -9999 -9999 -9999 -9999 -9999 -9999 -9999 -9999 -9999 -9999 -9999 -9999 -9999 -9999 93 91 92 92 92 94 95 92 90 90 90 89 87 84 82 80 81 79 80 78 78 78 78 77 79 79 81 78 78 80 80 73 72 71 71 72 71 69 69 68 71 67 66 66 66 66 66 65 65 67 69 76 86 92 87 79 74 78 89 82 87 77 81 91 89
-9999 -9999 -9999 -9999 -9999 -9999 -9999 -9999 -9999 -9999 -9999 -9999 -9999 -9999 -9999 -9999 -9999 -9999 -9999 -9999 -9999 -9999 -9999 -9999 -9999 -9999 -9999 -9999 -9999 -9999 -9999 -9999 91 92 91 91 93 96 95 92 89 89 87 84 85 83 82 79 80 80 78 78 80 80 80 82 82 82 78 76 77 80 74 71 71 71 73 71 69 68 68 71 67 66 66 67 67 71 69 71 68 67 71 83 88 88 86 75 81 91 94 94 82 84 88 89
-9999 -9999 -9999 -9999 -9999 -9999 -9999 -9999 -9999 -9999 -9999 -9999 -9999 -9999 -9999 -9999 -9999 -9999 -9999 -9999 -9999 -9999 -9999 -9999 -9999 -9999 -9999 -9999 -9999 -9999 -9999 91 92 92 92 92 93 95 93 92 90 88 85 83 83 82 81 79 79 79 79 79 78 81 82 83 83 79 76 76 80 80 73 72 72 71 70 71 69 69 68 70 67 66 66 67 67 69 75 79 74 71 70 79 85 91 95 76 82 90 96 95 88 86 85 80
-9999 -9999 -9999 -9999 -9999 -9999 -9999 -9999 -9999 -9999 -9999 -9999 -9999 -9999 -9999 -9999 -9999 -9999 -9999 -9999 -9999 -9999 -9999 -9999 -9999 -9999 -9999 -9999 -9999 -9999 -9999 90 90 90 91 92 92 95 92 88 88 87 84 83 82 82 79 80 78 78 79 80 78 77 79 79 81 78 76 78 82 80 74 72 72 71 71 70 69 68 68 67 67 67 66 66 68 71 72 79 83 79 76 77 84 91 97 79 87 91 95 89 82 80 73 71
-9999 -9999 -9999 -9999 -9999 -9999 -9999 -9999 -9999 -9999 -9999 -9999 -9999 -9999 -9999 -9999 -9999 -9999 -9999 -9999 -9999 -9999 -9999 -9999 -9999 -9999 -9999 -9999 -9999 -9999 -9999 90 90 90 90 90 91 95 94 90 89 86 85 84 82 81 80 79 80 80 79 77 78 78 77 77 78 75 76 78 82 80 74 72 72 70 70 70 69 69 68 68 67 67 66 67 69 81 79 80 89 92 84 77 86 93 94 82 88 92 87 82 75 77 74 66
-9999 -9999 -9999 -9999 -9999 -9999 -9999 -9999 -9999 -9999 -9999 -9999 -9999 -9999 -9999 -9999 -9999 -9999 -9999 -9999 -9999 -9999 -9999 -9999 -9999 -9999 -9999 -9999 -9999 -9999 -9999 90 90 90 90 90 90 92 94 94 93 90 87 85 83 82 82 79 81 79 78 79 78 79 76 77 76 77 78 78 78 74 72 72 72 72 72 70 69 69 69 68 67 66 66 67 69 73 71 73 74 73 82 78 87 84 78 91 100 91 85 82 72 74 72 70
-9999 -9999 -9999 -9999 -9999 -9999 -9999 -9999 -9999 -9999 -9999 -9999 -9999 -9999 -9999 -9999 -9999 -9999 -9999 -9999 -9999 -9999 -9999 -9999 -9999 -9999 -9999 -9999 -9999 -9999 -9999 90 89 90 90 90 90 89 92 92 92 91 87 85 84 82 81 80 81 80 79 78 79 80 78 78 77 75 76 75 74 73 74 74 73 72 70 70 69 69 68 68 67 67 66 66 66 67 66 67 67 69 74 84 86 84 77 91 92 87 87 82 77 81 75 68
-9999 -9999 -9999 -9999 -9999 -9999 -9999 -9999 -9999 -9999 -9999 -9999 -9999 -9999 -9999 -9999 -9999 -9999 -9999 -9999 -9999 -9999 -9999 -9999 -9999 -9999 -9999 -9999 -9999 -9999 -9999 90 89 89 89 90 90 89 90 92 92 89 88 85 84 83 81 82 80 80 82 80 82 79 76 76 75 76 75 76 76 76 72 72 71 71 72 70 70 69 68 70 68 67 67 67 66 68 66 67 71 71 79 88 83 77 75 87 93 87 82 79 81 74 70 66
-9999 -9999 -9999 -9999 -9999 -9999 -9999 -9999 -9999 -9999 -9999 -9999 -9999 -9999 -9999 -9999 -9999 -9999 -9999 -9999 -9999 -9999 -9999 -9999 -9999 -9999 -9999 -9999 90 90 89 90 90 90 90 90 92 89 90 92 91 91 85 85 84 83 82 83 83 83 84 83 81 81 79 77 77 78 76 75 74 73 73 73 71 71 70 70 69 69 69 73 72 69 67 67 70 73 73 76 75 75 80 81 75 74 79 91 92 86 82 77 76 70 67 66
-9999 -9999 -9999 -9999 -9999 -9999 -9999 -9999 -9999 -9999 -9999 -9999 -9999 -9999 -9999 -9999 -9999 -9999 -9999 -9999 -9999 -9999 -9999 -9999 -9999 -9999 -9999 90 89 89 89 89 89 90 90 90 91 92 89 89 92 91 87 85 84 84 85 83 82 81 81 80 78 76 79 80 79 77 75 74 74 75 77 74 73 71 70 70 69 69 69 72 73 69 67 66 67 73 79 83 79 88 88 79 74 74 85 95 102 97 91 82 72 69 72 72
-9999 -9999 -9999 -9999 -9999 -9999 -9999 -9999 -9999 -9999 -9999 -9999 -9999 -9999 -9999 -9999 -9999 -9999 -9999 -9999 -9999 -9999 -9999 -9999 -9999 -9999 -9999 92 91 89 90 90 90 90 90 90 90 92 89 88 89 92 91 90 86 86 85 82 81 80 79 78 77 76 76 76 76 76 75 77 77 77 81 81 79 75 72 70 69 71 72 75 75 78 76 76 72 72 75 79 79 77 76 72 70 72 76 92 91 85 82 85 85 81 78 76
-9999 -9999 -9999 -9999 -9999 -9999 -9999 -9999 -9999 -9999 -9999 -9999 -9999 -9999 -9999 -9999 -9999 -9999 -9999 -9999 -9999 -9999 -9999 -9999 -9999 -9999 -9999 91 90 90 90 90 89 90 90 90 90 92 91 89 89 89 91 91 87 88 86 82 80 80 79 78 77 76 76 76 76 75 75 77 77 79 82 81 77 76 72 71 71 71 71 71 76 78 79 84 81 79 81 81 83 81 81 78 74 70 70 82 86 78 79 88 88 81 75 68
-9999 -9999 -9999 -9999 -9999 -9999 -9999 -9999 -9999 -9999 -9999 -9999 -9999 -9999 -9999 -9999 -9999 -9999 -9999 -9999 -9999 -9999 -9999 -9999 -9999 -9999 -9999 90 90 90 90 90 90 90 90 90 92 92 91 91 91 88 90 88 88 88 85 82 81 82 81 80 78 77 77 76 75 75 77 77 77 79 81 81 76 75 72 72 71 70 70 70 72 74 81 86 88 81 81 82 84 88 92 88 79 72 67 74 72 73 78 84 88 79 71 67
-9999 -9999 -9999 -9999 -9999 -9999 -9999 -9999 -9999 -9999 -9999 -9999 -9999 -9999 -9999 -9999 -9999 -9999 -9999 -9999 -9999 -9999 -9999 -9999 -9999 -9999 -9999 91 90 89 90 90 90 90 90 90 92 91 91 91 90 86 87 87 86 87 86 83 82 82 81 81 77 78 76 76 76 75 77 75 75 77 83 79 76 72 72 69 70 70 71 71 73 77 83 86 81 78 77 76 79 88 94 85 75 75 71 66 69 74 84 87 81 71 67 65
-9999 -9999 -9999 -9999 -9999 -9999 -9999 -9999 -9999 -9999 -9999 -9999 -9999 -9999 -9999 -9999 -9999 -9999 -9999 -9999 -9999 -9999 -9999 -9999 -9999 -9999 -9999 91 91 90 90 89 90 90 90 90 92 91 91 89 88 88 86 86 86 85 83 83 81 79 79 78 77 76 76 76 75 76 75 75 76 77 81 79 75 72 70 72 73 75 78 78 74 78 87 82 76 73 76 82 84 84 92 84 83 82 73 66 72 78 80 91 81 72 64 64
-9999 -9999 -9999 -9999 -9999 -9999 -9999 -9999 -9999 -9999 -9999 -9999 -9999 -9999 -9999 -9999 -9999 -9999 -9999 -9999 -9999 -9999 -9999 -9999 -9999 -9999 -9999 92 92 91 91 91 91 91 91 92 94 92 91 88 88 87 87 87 86 85 83 82 82 79 78 78 78 77 76 76 76 76 75 75 75 77 77 75 73 71 72 72 74 80 82 82 82 86 84 80 76 73 75 76 77 81 81 81 85 78 70 69 74 81 87 89 77 70 64 62
-9999 -9999 -9999 -9999 -9999 -9999 -9999 -9999 -9999 -9999 -9999 -9999 -9999 -9999 -9999 -9999 -9999 -9999 -9999 -9999 -9999 -9999 -9999 -9999 -9999 -9999 -9999 96 95 94 92 92 93 93 92 93 95 91 90 88 88 87 85 86 85 84 83 80 80 82 80 79 77 77 76 75 75 75 74 75 74 74 71 72 73 76 74 70 72 75 80 78 73 78 85 82 75 75 79 85 89 84 83 69 67 66 64 74 78 80 77 83 69 63 60 62
-9999 -9999 -9999 -9999 -9999 -9999 -9999 -9999 -9999 -9999 -9999 -9999 -9999 -9999 -9999 -9999 -9999 -9999 -9999 -9999 -9999 -9999 -9999 -9999 -9999 -9999 -9999 -9999 96 96 95 95 94 94 93 94 95 89 88 87 88 87 85 85 84 82 82 81 79 81 80 81 77 76 76 76 75 75 74 73 74 73 72 73 74 76 73 70 73 77 83 83 76 81 85 78 73 73 75 81 90 87 84 71 67 64 63 67 69 70 66 71 70 64 60 60
-9999 -9999 -9999 -9999 -9999 -9999 -9999 -9999 -9999 -9999 -9999 -9999 -9999 -9999 -9999 -9999 -9999 -9999 -9999 -9999 -9999 -9999 -9999 -9999 -9999 -9999 -9999 -9999 -9999 -9999 -9999 -9999 96 94 94 95 97 89 87 86 86 86 85 85 84 83 82 80 79 78 80 80 77 77 76 76 76 75 74 75 74 73 72 71 72 72 72 70 73 78 83 87 81 83 82 76 70 74 79 86 82 81 88 72 67 70 67 62 62 62 62 66 65 61 58 60
-9999 -9999 -9999 -9999 -9999 -9999 -9999 -9999 -9999 -9999 -9999 -9999 -9999 -9999 -9999 -9999 -9999 -9999 -9999 -9999 -9999 -9999 -9999 -9999 -9999 -9999 -9999 -9999 -9999 -9999 97 -9999 -9999 -9999 93 95 97 90 87 85 85 84 84 85 83 82 82 80 78 78 78 78 77 75 76 76 74 74 75 75 73 72 72 71 70 71 70 72 74 79 87 88 79 85 79 73 70 76 81 81 75 79 88 78 70 70 74 63 66 62 61 61 60 60 58 57
-9999 -9999 -9999 -9999 -9999 -9999 -9999 -9999 -9999 -9999 -9999 -9999 -9999 -9999 -9999 -9999 -9999 -9999 -9999 -9999 -9999 -9999 -9999 -9999 -9999 -9999 -9999 -9999 -9999 -9999 -9999 -9999 -9999 -9999 -9999 96 97 89 88 87 86 85 83 83 84 83 82 81 80 79 78 78 77 76 76 77 75 74 73 72 74 72 72 71 71 71 72 72 74 78 87 82 77 80 73 68 67 75 75 69 71 72 73 83 77 71 77 70 64 66 66 64 63 61 63 60
-9999 -9999 -9999 -9999 -9999 -9999 -9999 -9999 -9999 -9999 -9999 -9999 -9999 -9999 -9999 -9999 -9999 -9999 -9999 -9999 -9999 -9999 -9999 -9999 -9999 -9999 -9999 -9999 -9999 -9999 -9999 -9999 -9999 -9999 -9999 -9999 98 91 88 87 86 85 85 83 83 82 81 80 80 80 80 78 75 76 74 76 75 74 73 74 74 72 71 71 71 70 70 72 75 80 84 76 77 78 70 67 70 70 69 67 72 77 80 84 78 74 82 71 69 66 72 72 68 63 68 65
-9999 -9999 -9999 -9999 -9999 -9999 -9999 -9999 -9999 -9999 -9999 -9999 -9999 -9999 -9999 -9999 -9999 -9999 -9999 -9999 -9999 -9999 -9999 -9999 -9999 -9999 -9999 -9999 -9999 -9999 -9999 -9999 -9999 -9999 -9999 -9999 98 91 87 84 84 84 84 83 82 82 80 79 78 80 78 77 76 75 74 75 76 74 73 74 74 73 72 71 71 71 70 73 75 78 75 72 72 70 67 67 68 68 69 69 73 73 78 84 80 80 86 80 74 72 74 78 74 69 75 68
-9999 -9999 -9999 -9999 -9999 -9999 -9999 -9999 -9999 -9999 -9999 -9999 -9999 -9999 -9999 -9999 -9999 -9999 -9999 -9999 -9999 -9999 -9999 -9999 -9999 -9999 -9999 -9999 -9999 -9999 -9999 -9999 -9999 -9999 -9999 -9999 94 90 87 85 84 84 84 83 83 81 81 78 78 79 77 77 78 78 75 73 74 75 73 75 74 73 71 71 70 70 69 72 72 71 71 73 69 67 68 69 69 74 76 77 78 83 78 91 87 84 84 83 80 81 80 83 77 74 76 68
-9999 -9999 -9999 -9999 -9999 -9999 -9999 -9999 -9999 -9999 -9999 -9999 -9999 -9999 -9999 -9999 -9999 -9999 -9999 -9999 -9999 -9999 -9999 -9999 -9999 -9999 -9999 -9999 -9999 -9999 -9999 -9999 -9999 -9999 -9999 -9999 94 86 86 85 84 84 84 83 83 82 81 79 78 77 77 76 77 79 77 75 74 75 75 74 74 73 72 71 70 70 71 69 69 69 71 72 67 67 70 77 77 80 84 82 89 86 83 89 84 78 74 77 73 74 81 83 81 79 69 64
-9999 -9999 -9999 -9999 -9999 -9999 -9999 -9999 -9999 -9999 -9999 -9999 -9999 -9999 -9999 -9999 -9999 -9999 -9999 -9999 -9999 -9999 -9999 -9999 -9999 -9999 -9999 -9999 -9999 -9999 -9999 -9999 -9999 -9999 -9999 -9999 99 89 86 86 85 83 82 82 82 81 80 78 78 77 78 77 79 78 77 77 75 73 73 72 72 72 71 71 71 73 72 69 68 68 68 68 67 68 74 79 86 90 83 80 86 90 85 78 75 70 66 66 64 69 68 65 70 75 73 67
-9999 -9999 -9999 -9999 -9999 -9999 -9999 -9999 -9999 -9999 -9999 -9999 -9999 -9999 -9999 -9999 -9999 -9999 -9999 -9999 -9999 -9999 -9999 -9999 -9999 -9999 -9999 -9999 -9999 -9999 -9999 -9999 -9999 -9999 -9999 -9999 -9999 95 91 87 84 84 83 82 81 81 80 79 78 77 77 76 81 78 75 74 73 74 73 72 71 72 71 70 71 70 69 69 68 68 68 68 67 69 70 73 79 78 74 77 84 90 84 75 72 71 69 63 63 64 65 62 70 74 68 71
-9999 -9999 -9999 -9999 -9999 -9999 -9999 -9999 -9999 -9999 -9999 -9999 -9999 -9999 -9999 -9999 -9999 -9999 -9999 -9999 -9999 -9999 -9999 -9999 -9999 -9999 -9999 -9999 -9999 -9999 -9999 -9999 -9999 -9999 -9999 -9999 -9999 93 92 87 86 86 82 82 81 82 80 79 79 77 77 77 79 79 79 75 74 73 73 72 72 71 71 70 69 70 69 68 68 67 67 67 66 67 71 74 74 72 74 76 84 90 84 74 78 75 77 67 65 63 61 61 65 68 63 63
-9999 -9999 -9999 -9999 -9999 -9999 -9999 -9999 -9999 -9999 -9999 -9999 -9999 -9999 -9999 -9999 -9999 -9999 -9999 -9999 -9999 -9999 -9999 -9999 -9999 -9999 -9999 -9999 -9999 -9999 -9999 -9999 -9999 -9999 -9999 -9999 -9999 94 90 87 87 84 84 83 82 81 81 80 79 78 78 77 77 80 82 79 76 74 72 73 71 71 71 70 70 69 69 68 67 66 67 69 70 69 68 69 68 71 77 77 80 86 81 83 83 80 79 67 67 68 65 61 65 67 62 61
-9999 -9999 -9999 -9999 -9999 -9999 -9999 -9999 -9999 -9999 -9999 -9999 -9999 -9999 -9999 -9999 -9999 -9999 -9999 -9999 -9999 -9999 -9999 -9999 -9999 -9999 -9999 -9999 -9999 -9999 -9999 -9999 -9999 -9999 -9999 -9999 -9999 -9999 93 88 86 86 85 84 81 80 80 81 80 79 77 77 76 78 81 79 76 74 72 72 71 72 76 74 70 69 69 69 68 67 67 68 74 77 79 74 71 72 78 81 85 85 88 89 83 78 74 65 62 67 62 60 65 69 64 60
-9999 -9999 -9999 -9999 -9999 -9999 -9999 -9999 -9999 -9999 -9999 -9999 -9999 -9999 -9999 -9999 -9999 -9999 -9999 -9999 -9999 -9999 -9999 -9999 -9999 -9999 -9999 -9999 -9999 -9999 -9999 -9999 -9999 -9999 -9999 -9999 -9999 -9999 99 97 93 88 87 85 84 82 82 81 80 79 78 76 77 77 79 81 79 75 71 71 72 71 76 75 70 70 72 74 72 72 70 67 67 67 71 79 86 81 81 89 82 77 72 68 68 66 67 65 62 60 59 63 77 82 75 66
