maxent/maxent_rasters/bio15_precip_seasonality.asc
ncols        1049
nrows        959
xllcorner    -124.500000000000
yllcorner    32.500000000000
cellsize     0.010000000000
NODATA_value -9999
[rows 765 to 809 of 959, columns 768 to 863 of 1049]
65 64 65 64 64 63 63 63 63 60 61 61 61 60 60 59 58 57 57 57 57 55 56 55 54 54 52 57 56 53 53 53 53 54 57 57 55 55 55 55 49 48 48 47 48 48 49 48 49 53 56 53 52 49 48 48 48 49 49 50 50 50 52 50 51 50 48 50 49 50 50 50 49 51 50 52 52 52 53 56 56 56 56 55 57 56 57 58 56 59 57 57 58 56 56 56
66 66 66 67 65 64 64 63 63 63 62 62 61 61 59 60 58 58 58 57 56 55 56 55 56 54 54 52 53 53 51 51 51 51 56 59 58 54 54 53 52 51 49 47 46 46 48 48 47 48 52 54 52 49 49 48 47 47 47 48 49 49 49 51 51 50 50 50 50 50 51 51 53 52 53 53 53 53 53 56 56 55 55 56 56 58 59 58 58 58 57 56 55 55 54 54
67 67 66 66 65 65 64 65 63 64 63 63 62 61 61 59 58 60 58 57 57 56 55 55 55 57 56 54 53 52 51 51 51 51 55 57 58 55 53 53 52 50 49 48 46 46 46 48 48 50 51 51 50 49 48 47 48 47 48 49 48 49 49 52 53 55 51 51 51 51 51 51 53 51 51 53 53 50 51 53 57 56 56 56 58 56 56 58 60 56 60 56 57 56 55 55
68 68 67 68 67 66 66 66 65 64 64 63 62 62 61 60 59 58 60 58 57 56 56 55 54 55 57 57 54 51 51 51 52 52 55 57 56 54 54 53 51 50 51 50 47 46 46 47 46 48 50 50 50 49 48 48 47 47 47 49 47 48 49 52 53 54 55 56 56 51 50 52 50 51 52 53 52 52 51 51 52 52 56 56 55 56 56 56 56 57 56 54 56 57 55 55
67 67 67 66 67 67 67 66 66 64 64 63 63 64 62 60 59 59 59 59 57 58 57 56 53 54 55 55 54 52 51 51 50 51 51 53 53 53 53 54 51 51 51 49 48 47 47 47 47 47 48 49 49 48 48 47 48 48 47 48 48 48 50 51 53 54 54 56 51 51 50 50 49 50 52 53 52 52 51 49 51 52 56 56 56 56 56 55 56 54 54 53 54 57 57 57
70 69 68 68 68 67 68 67 67 66 66 65 63 63 62 60 60 59 58 58 57 57 57 56 55 55 54 54 53 51 52 51 51 51 52 52 52 52 53 52 51 50 49 49 48 47 47 47 47 47 47 47 48 48 46 47 47 48 48 48 47 50 52 52 52 53 54 54 56 52 49 50 51 50 51 52 53 52 51 49 50 54 53 53 56 56 56 56 52 52 53 53 51 52 56 56
73 72 72 72 70 69 68 67 67 66 67 66 66 65 63 63 61 61 60 60 58 58 57 57 56 55 55 55 55 56 56 54 54 52 52 55 54 52 51 50 49 48 48 48 48 48 48 46 46 47 47 47 47 46 47 48 47 48 47 49 50 50 50 52 51 52 53 53 53 55 50 50 49 49 49 52 53 51 49 49 49 49 50 51 52 52 53 53 50 50 49 49 50 51 52 54
77 75 74 74 71 70 69 69 67 67 66 65 65 65 64 62 63 61 60 59 59 59 58 57 57 56 55 57 57 57 56 55 54 53 52 52 52 53 54 52 49 50 49 49 48 47 46 46 46 45 46 46 47 46 47 47 48 47 46 50 51 52 51 52 52 53 54 53 53 55 53 50 49 49 49 50 51 51 49 50 48 49 49 50 51 50 52 53 51 50 49 49 49 50 51 52
78 78 76 75 72 70 70 69 68 67 67 67 66 65 65 63 63 61 60 60 60 59 59 59 58 57 57 58 58 57 57 56 55 54 52 52 51 53 54 53 50 49 48 49 48 48 47 48 47 47 46 46 47 47 47 46 46 47 49 51 52 52 52 52 51 52 52 51 51 53 53 50 48 50 50 49 50 50 51 50 49 50 50 49 48 52 50 52 50 51 49 49 49 49 48 50
78 78 78 77 73 72 71 70 70 69 68 67 66 66 66 65 64 63 62 61 61 61 60 60 58 59 58 59 59 58 57 57 56 54 53 53 52 51 52 51 50 50 49 49 49 49 49 48 48 47 46 47 47 47 46 46 46 49 49 52 52 52 51 51 52 52 52 52 51 53 54 52 49 49 50 50 50 50 49 49 49 49 50 49 50 50 51 51 50 50 50 49 49 48 48 48
77 78 78 77 75 73 73 72 72 72 71 69 68 68 68 66 67 66 64 63 62 62 61 60 59 60 60 59 59 60 59 58 57 56 54 54 52 52 50 50 51 50 50 50 51 49 48 47 47 46 47 46 47 47 47 47 46 49 49 52 52 52 51 52 52 52 52 52 52 53 52 52 49 49 48 50 49 49 49 50 48 50 49 49 49 49 51 51 52 52 50 50 50 50 49 49
78 77 77 77 76 76 76 77 76 74 74 72 71 70 70 71 71 71 72 68 67 66 66 64 64 63 63 63 63 62 62 60 60 58 57 54 55 52 52 52 51 50 52 51 50 50 50 48 47 47 47 47 47 47 47 47 46 48 49 51 50 52 52 52 52 52 52 52 52 54 54 52 51 47 49 48 48 48 48 49 50 49 48 50 49 51 51 51 53 51 52 53 51 52 49 48
78 77 77 77 76 77 77 76 76 76 75 74 74 72 72 71 71 72 73 71 70 68 68 67 67 66 66 66 65 62 62 62 60 60 58 57 55 54 53 53 50 50 50 50 50 49 50 49 48 47 48 47 47 47 46 47 47 47 49 51 51 52 52 53 53 52 52 52 52 53 54 52 49 46 48 48 47 48 49 50 50 51 50 51 49 51 52 52 53 51 51 51 51 51 53 50
76 77 77 77 77 77 76 75 75 76 76 75 75 74 73 72 71 72 73 72 72 71 69 69 66 68 67 67 66 64 62 62 61 60 57 57 55 54 54 53 53 51 50 50 50 50 50 49 48 48 47 48 48 47 46 47 46 47 47 51 50 51 52 53 53 53 53 52 52 52 52 52 52 47 49 49 48 49 49 51 53 53 52 53 52 52 55 55 53 51 51 51 51 51 52 51
76 76 77 77 77 77 76 76 74 74 75 75 75 75 75 74 72 73 74 73 72 71 70 69 68 67 68 68 67 66 64 63 62 61 58 57 57 54 53 54 53 52 51 50 53 52 50 50 49 48 47 48 48 48 46 46 46 47 48 50 50 50 51 52 52 53 53 54 53 52 52 52 52 52 51 49 49 49 51 53 53 53 53 53 54 55 54 55 55 54 51 51 50 50 51 50
76 76 76 76 77 77 76 76 75 74 74 75 74 75 74 74 73 74 74 73 73 72 72 70 69 68 69 69 68 67 65 65 63 61 60 58 56 56 54 53 52 52 51 51 50 51 50 49 48 49 47 47 46 47 46 47 46 47 49 47 48 49 51 51 51 51 51 51 51 52 52 53 53 52 52 47 48 48 52 51 52 52 52 52 54 55 54 54 54 54 54 53 53 53 53 52
77 77 76 75 76 76 76 76 75 74 73 74 75 75 74 74 73 74 73 73 73 72 71 71 70 69 70 69 68 67 67 65 64 62 61 60 58 56 56 54 53 51 51 52 50 50 49 50 50 48 48 48 47 46 46 47 46 46 47 48 48 48 51 51 51 50 51 51 51 52 50 53 53 53 52 51 48 51 52 52 52 51 51 52 55 54 53 53 54 55 53 55 55 55 54 53
76 76 76 76 74 75 75 75 75 75 73 74 74 75 75 74 74 74 74 74 73 72 72 72 71 70 70 69 69 68 66 65 64 63 61 61 59 56 56 55 53 52 52 52 53 52 51 50 50 50 49 50 49 48 47 47 46 46 47 47 47 48 48 48 51 51 51 52 52 51 52 52 52 52 51 52 52 51 51 52 52 52 54 53 51 53 53 53 53 54 54 54 54 55 55 56
76 75 75 75 75 75 75 75 75 74 74 74 74 74 74 74 74 74 73 73 73 73 72 72 71 70 69 69 69 66 65 64 63 62 60 59 58 58 55 56 53 52 53 53 53 52 52 51 50 50 50 50 49 48 47 47 46 46 47 47 46 47 48 48 51 51 51 52 52 51 51 52 52 52 52 51 52 52 51 51 51 53 51 53 53 53 53 53 53 54 54 54 54 55 56 55
76 76 76 76 75 75 74 75 74 74 74 74 73 73 74 74 74 73 73 73 73 73 72 72 71 70 69 68 67 65 64 63 62 61 61 59 59 58 56 56 54 54 54 54 54 53 51 51 51 50 50 49 49 48 47 47 46 46 47 46 47 47 48 48 48 51 50 51 52 52 51 52 52 51 51 53 53 52 52 51 52 51 53 53 53 51 53 51 53 54 53 53 53 53 54 56
76 75 75 75 74 74 74 74 73 73 73 74 74 74 73 74 74 74 74 73 73 73 73 72 71 70 69 69 68 66 65 64 64 63 61 60 58 58 56 56 55 55 55 54 53 54 53 52 51 51 50 50 49 49 47 47 47 46 46 46 46 47 47 47 48 48 51 50 51 51 50 52 52 51 51 51 53 52 52 53 52 51 51 53 53 51 53 53 53 53 53 52 52 53 53 54
74 74 73 73 72 72 73 73 73 72 72 73 73 74 74 74 74 74 73 72 72 72 72 71 70 69 68 68 67 66 66 66 64 62 61 60 59 57 57 56 56 56 56 55 53 54 53 53 52 50 50 49 49 48 47 46 47 47 47 48 47 47 49 45 48 49 49 51 51 50 52 52 50 50 51 51 51 52 53 52 53 53 54 52 52 51 53 53 53 53 52 52 52 53 53 53
73 72 72 70 70 71 71 72 73 71 71 72 73 74 74 74 74 74 73 73 73 72 72 72 71 70 68 67 66 65 65 66 64 64 62 62 60 59 58 56 57 57 56 55 54 54 53 52 52 50 49 49 49 48 48 46 48 49 47 47 47 49 48 48 48 50 50 51 50 50 51 50 50 50 51 51 51 51 51 53 53 52 52 52 51 54 54 54 51 52 52 53 53 53 52 52
70 69 68 69 70 70 69 69 71 71 70 72 72 73 74 74 74 74 74 73 73 72 72 71 70 69 68 67 67 65 64 64 64 65 64 64 60 59 58 57 57 57 56 55 54 53 53 52 51 50 49 49 49 49 48 47 47 47 49 49 48 49 48 49 48 51 50 50 50 50 50 50 49 50 51 51 51 49 49 50 50 51 50 51 53 52 54 54 53 53 51 51 51 53 52 51
68 69 69 70 69 69 69 69 69 71 70 70 70 72 73 73 73 73 73 73 73 73 72 71 70 68 68 67 66 65 64 63 64 64 63 62 60 59 59 58 57 57 56 55 53 54 53 52 51 50 49 49 48 49 47 48 47 48 48 50 50 49 50 49 49 51 49 49 50 50 50 50 50 49 50 50 50 50 50 49 49 49 51 51 53 53 53 53 52 52 51 51 51 51 52 51
73 72 73 73 70 70 72 71 71 71 70 70 71 72 73 74 73 73 73 73 73 72 72 72 70 69 68 66 66 65 64 63 63 62 61 61 60 60 59 59 57 57 57 56 54 53 53 52 51 50 49 49 48 48 47 48 47 47 46 49 49 49 49 50 50 50 50 50 49 49 50 50 50 49 49 49 49 50 50 49 49 49 50 51 53 53 53 51 52 51 51 51 51 51 51 52
77 77 76 75 74 74 73 72 72 72 72 71 72 72 73 74 75 74 74 73 72 72 72 71 70 69 68 67 66 66 66 65 65 65 62 63 62 62 62 60 58 57 56 56 55 54 54 54 55 50 50 48 48 47 47 47 47 47 46 47 47 48 49 49 49 50 50 50 51 50 50 50 50 50 49 49 49 49 49 49 50 50 50 52 52 51 51 51 51 51 51 51 51 51 50 51
77 77 76 76 74 73 73 72 71 70 70 70 70 71 72 74 74 74 74 73 73 72 72 72 71 70 69 68 66 65 65 63 63 63 63 63 62 62 61 60 58 58 56 57 54 53 54 54 54 50 49 48 48 47 47 47 47 47 47 48 48 49 48 49 49 48 50 50 49 50 49 49 49 49 49 49 49 49 49 49 49 49 49 49 50 50 50 50 51 51 51 51 51 51 50 50
76 76 76 76 75 75 74 74 73 71 71 71 71 72 73 73 74 74 74 73 72 72 72 72 71 71 70 68 67 65 65 65 64 63 62 62 62 62 61 60 59 58 56 56 54 53 53 52 53 51 50 48 48 48 46 48 48 47 47 49 49 49 50 50 50 48 49 50 50 48 49 49 49 49 49 49 49 49 49 49 49 49 49 49 49 50 50 50 52 52 51 51 51 51 50 51
73 75 75 75 75 75 74 72 72 72 72 72 71 73 72 73 73 72 73 74 73 72 71 71 70 71 70 67 68 67 66 67 66 64 62 62 62 61 62 61 59 58 56 56 53 54 53 52 52 50 50 49 49 48 46 48 47 48 47 48 49 50 48 49 48 47 47 47 48 46 46 49 49 49 48 49 49 49 49 49 49 50 49 49 50 50 49 49 50 52 51 51 51 52 51 51
70 72 72 73 73 73 73 73 73 74 74 73 74 75 74 74 74 73 73 74 73 73 72 69 69 67 69 68 68 66 66 65 64 63 61 60 61 62 61 60 57 56 55 54 53 53 53 52 51 50 51 49 48 49 47 48 48 48 48 48 48 48 48 48 48 47 46 46 45 45 47 49 48 48 48 49 49 49 49 50 49 49 50 50 50 50 50 49 50 50 53 50 51 51 51 51
68 68 70 71 72 72 72 72 73 74 75 76 76 76 76 75 74 74 74 74 73 73 72 71 69 69 65 62 63 66 64 64 65 63 60 58 58 58 57 56 56 55 55 56 55 54 53 54 54 52 51 52 52 54 51 50 49 49 48 49 49 50 49 50 48 47 46 47 46 48 47 48 47 48 49 49 50 50 49 48 47 50 50 51 49 50 50 50 50 50 49 48 49 51 49 48
67 68 68 68 70 72 73 74 75 75 76 75 76 76 76 75 74 74 73 73 73 73 73 71 67 69 69 65 62 65 64 63 62 62 61 59 58 59 58 57 55 57 56 56 56 56 56 56 55 54 52 52 53 53 53 51 50 51 50 51 51 52 52 52 49 48 49 49 48 49 50 49 49 49 49 48 47 49 48 49 49 49 49 49 51 49 50 51 50 49 49 48 48 49 49 48
68 70 71 70 69 70 72 73 74 74 76 77 76 76 75 75 75 74 73 71 70 72 72 69 65 66 65 64 62 62 62 60 59 60 61 60 60 60 60 59 59 58 58 57 57 59 58 58 57 54 53 52 53 53 54 53 53 52 52 53 53 54 52 52 51 50 49 49 49 52 52 50 50 51 50 48 48 48 48 50 50 48 49 49 51 51 50 51 51 51 49 50 51 50 50 49
67 69 72 73 71 71 73 75 74 76 77 76 76 76 74 75 75 75 74 72 69 69 70 68 65 63 63 62 61 60 59 60 60 61 62 62 62 62 61 61 60 59 59 59 59 59 60 61 60 55 55 54 53 54 53 53 54 54 55 55 56 55 54 54 53 50 50 50 49 53 52 53 53 52 52 51 49 49 49 48 49 49 49 49 49 50 50 51 50 50 50 50 52 52 51 50
66 67 70 72 75 76 74 75 77 74 76 77 76 75 75 75 74 74 73 71 69 66 66 65 64 62 61 61 60 59 58 60 61 62 64 64 63 62 62 62 60 60 60 59 59 60 61 63 61 58 56 55 54 54 54 56 56 56 56 56 56 56 55 55 54 53 50 50 50 53 53 53 53 52 53 52 49 49 50 48 50 49 49 50 50 49 48 49 50 50 49 51 50 52 51 50
75 75 74 76 78 78 78 78 77 77 77 76 74 74 72 71 72 73 70 72 69 66 63 64 63 62 61 60 60 59 60 60 60 59 60 61 63 63 63 64 62 63 62 61 61 61 61 60 62 62 60 58 56 56 54 56 56 57 56 56 55 55 54 54 55 55 54 54 55 58 58 56 53 53 56 53 51 49 48 49 49 49 49 49 50 51 50 49 49 50 49 49 49 51 50 52
77 76 75 76 78 78 78 77 76 75 77 76 74 72 72 72 71 68 68 70 67 64 64 62 62 61 61 61 61 60 61 59 59 60 62 62 63 63 62 62 64 64 63 62 62 62 62 62 61 62 61 59 58 56 55 56 56 56 55 55 55 55 54 54 55 54 55 55 55 56 57 57 57 57 56 52 50 49 49 49 50 49 50 50 49 50 51 49 49 49 49 50 51 50 49 51
76 77 77 78 78 78 78 77 75 73 75 75 75 73 70 70 70 69 67 66 66 65 63 63 61 62 62 61 62 62 61 60 60 59 61 61 61 62 60 61 64 65 63 63 62 63 63 62 62 62 62 61 58 58 55 55 56 56 54 54 54 55 54 54 55 55 55 56 55 57 58 58 58 58 55 53 51 49 50 49 50 50 49 50 50 50 50 49 49 49 49 51 50 50 50 49
78 78 78 78 78 78 77 76 74 72 71 72 71 72 72 68 67 68 68 65 65 64 64 63 62 62 62 61 63 60 59 59 61 63 63 62 60 60 60 62 65 65 66 65 65 64 64 64 64 62 63 61 62 61 57 56 55 55 55 55 55 55 54 54 54 56 55 55 55 57 56 56 56 56 54 54 52 51 50 50 50 50 50 50 49 49 50 50 50 49 50 50 50 50 49 50
75 76 78 77 78 77 77 78 77 72 72 72 70 69 68 67 67 66 66 66 64 64 64 64 63 62 61 61 62 60 59 59 60 60 63 62 60 59 60 61 64 63 64 65 65 65 65 65 64 64 63 63 64 63 57 57 56 56 56 57 57 55 55 54 54 55 55 55 54 56 55 55 55 55 54 54 52 51 51 49 50 50 49 49 49 49 49 49 50 49 48 48 50 50 50 48
78 77 78 78 78 77 77 77 76 71 69 70 69 68 67 67 67 67 66 66 65 65 64 64 62 62 62 62 61 60 60 59 61 63 63 61 58 58 59 62 63 62 62 64 64 64 65 66 66 64 63 63 64 63 61 61 59 58 57 57 57 56 55 54 54 55 56 55 55 54 54 54 54 55 54 54 52 52 51 50 50 51 50 50 50 50 49 49 48 49 49 48 48 50 47 48
78 78 77 77 76 77 77 77 77 74 75 72 71 69 67 67 68 68 65 66 65 65 65 64 64 62 62 62 62 61 60 59 60 61 63 62 58 57 58 59 62 61 60 59 61 63 63 63 62 64 63 64 62 61 65 64 62 62 62 61 59 59 58 56 56 56 55 55 57 55 54 54 55 55 55 54 52 52 50 51 52 52 51 51 50 50 49 48 48 48 48 49 48 49 48 48
77 78 77 74 76 77 77 77 77 76 76 74 72 70 67 67 67 67 66 65 65 65 65 65 65 64 62 61 61 61 61 60 60 59 61 61 59 57 58 58 61 60 58 59 61 62 61 62 61 64 64 63 63 63 63 64 64 64 63 61 59 58 57 56 56 55 55 56 55 56 55 55 55 55 54 54 53 52 52 51 51 52 52 50 51 51 49 49 49 48 49 49 49 48 48 49
77 77 76 73 75 75 76 77 77 75 76 76 75 72 69 67 67 68 67 66 66 66 64 65 64 64 63 62 63 62 62 61 60 59 59 60 59 59 58 58 60 60 57 58 59 60 60 60 59 63 64 64 64 64 63 63 64 63 62 60 59 58 57 57 56 56 56 55 57 57 56 55 55 55 55 54 53 52 52 51 51 52 52 50 51 51 50 49 49 48 49 49 49 49 48 48
