maxent/maxent_rasters/bio18_precip_warmest.asc
ncols        1049
nrows        959
xllcorner    -124.500000000000
yllcorner    32.500000000000
cellsize     0.010000000000
NODATA_value -9999
[rows 0 to 46 of 959, columns 480 to 575 of 1049]
-9999 -9999 -9999 -9999 -9999 -9999 -9999 -9999 -9999 -9999 -9999 -9999 -9999 -9999 -9999 -9999 -9999 -9999 -9999 -9999 -9999 -9999 -9999 -9999 -9999 -9999 -9999 -9999 -9999 -9999 -9999 -9999 -9999 -9999 -9999 -9999 -9999 -9999 -9999 -9999 -9999 -9999 -9999 -9999 -9999 -9999 -9999 -9999 -9999 -9999 -9999 -9999 -9999 -9999 -9999 -9999 -9999 -9999 -9999 -9999 -9999 -9999 -9999 -9999 -9999 -9999 -9999 -9999 -9999 -9999 -9999 -9999 -9999 -9999 -9999 -9999 -9999 -9999 -9999 -9999 -9999 -9999 -9999 -9999 -9999 -9999 -9999 -9999 -9999 -9999 -9999 -9999 -9999 -9999 -9999 -9999
-9999 -9999 -9999 -9999 -9999 -9999 -9999 -9999 -9999 -9999 -9999 -9999 -9999 -9999 -9999 -9999 -9999 -9999 -9999 -9999 -9999 -9999 -9999 -9999 -9999 -9999 -9999 -9999 -9999 -9999 -9999 -9999 -9999 -9999 -9999 -9999 -9999 -9999 -9999 -9999 -9999 -9999 -9999 -9999 -9999 -9999 -9999 -9999 -9999 -9999 -9999 -9999 -9999 -9999 -9999 -9999 -9999 -9999 -9999 -9999 -9999 -9999 -9999 -9999 -9999 -9999 -9999 -9999 -9999 -9999 -9999 -9999 -9999 -9999 -9999 -9999 -9999 -9999 -9999 -9999 -9999 -9999 -9999 -9999 -9999 -9999 -9999 -9999 -9999 -9999 -9999 -9999 -9999 -9999 -9999 -9999
-9999 -9999 -9999 -9999 -9999 -9999 -9999 -9999 -9999 -9999 -9999 -9999 -9999 -9999 -9999 -9999 -9999 -9999 -9999 -9999 -9999 -9999 -9999 -9999 -9999 -9999 -9999 -9999 -9999 -9999 -9999 -9999 -9999 -9999 -9999 -9999 -9999 -9999 -9999 -9999 -9999 -9999 -9999 -9999 -9999 -9999 -9999 -9999 -9999 -9999 -9999 -9999 -9999 -9999 -9999 -9999 -9999 -9999 -9999 -9999 -9999 -9999 -9999 -9999 -9999 -9999 -9999 -9999 -9999 -9999 -9999 -9999 -9999 -9999 -9999 -9999 -9999 -9999 -9999 -9999 -9999 -9999 -9999 -9999 -9999 -9999 -9999 -9999 -9999 -9999 -9999 -9999 -9999 -9999 -9999 -9999
-9999 -9999 -9999 -9999 -9999 -9999 -9999 -9999 -9999 -9999 -9999 -9999 -9999 -9999 -9999 -9999 -9999 -9999 -9999 -9999 -9999 -9999 -9999 -9999 -9999 -9999 -9999 -9999 -9999 -9999 -9999 -9999 -9999 -9999 -9999 -9999 -9999 -9999 -9999 -9999 -9999 -9999 -9999 -9999 -9999 -9999 -9999 -9999 -9999 -9999 -9999 -9999 -9999 -9999 -9999 -9999 -9999 -9999 -9999 -9999 -9999 -9999 -9999 -9999 -9999 -9999 -9999 -9999 -9999 -9999 -9999 -9999 -9999 -9999 -9999 -9999 -9999 -9999 -9999 -9999 -9999 -9999 -9999 -9999 -9999 -9999 -9999 -9999 -9999 -9999 -9999 -9999 -9999 -9999 -9999 -9999
-9999 -9999 -9999 -9999 -9999 -9999 -9999 -9999 -9999 -9999 -9999 -9999 -9999 -9999 -9999 -9999 -9999 -9999 -9999 -9999 -9999 -9999 -9999 -9999 -9999 -9999 -9999 -9999 -9999 -9999 -9999 -9999 -9999 -9999 -9999 -9999 -9999 -9999 -9999 -9999 -9999 -9999 -9999 -9999 -9999 -9999 -9999 -9999 -9999 -9999 -9999 -9999 -9999 -9999 -9999 -9999 -9999 -9999 -9999 -9999 -9999 -9999 -9999 -9999 -9999 -9999 -9999 -9999 -9999 -9999 -9999 -9999 -9999 -9999 -9999 -9999 -9999 -9999 -9999 -9999 -9999 -9999 -9999 -9999 -9999 -9999 -9999 -9999 -9999 -9999 -9999 -9999 -9999 -9999 -9999 -9999
-9999 -9999 -9999 -9999 -9999 -9999 -9999 -9999 -9999 -9999 -9999 -9999 -9999 -9999 -9999 -9999 -9999 -9999 -9999 -9999 -9999 -9999 -9999 -9999 -9999 -9999 -9999 -9999 -9999 -9999 -9999 -9999 -9999 -9999 -9999 -9999 -9999 -9999 -9999 -9999 -9999 -9999 -9999 -9999 -9999 -9999 -9999 -9999 -9999 -9999 -9999 -9999 -9999 -9999 -9999 -9999 -9999 -9999 -9999 -9999 -9999 -9999 -9999 -9999 -9999 -9999 -9999 -9999 -9999 -9999 -9999 -9999 -9999 -9999 -9999 -9999 -9999 -9999 -9999 -9999 -9999 -9999 -9999 -9999 -9999 -9999 -9999 -9999 -9999 -9999 -9999 -9999 -9999 -9999 -9999 -9999
-9999 -9999 -9999 -9999 -9999 -9999 -9999 -9999 -9999 -9999 -9999 -9999 -9999 -9999 -9999 -9999 -9999 -9999 -9999 -9999 -9999 -9999 -9999 -9999 -9999 -9999 -9999 -9999 -9999 -9999 -9999 -9999 -9999 -9999 -9999 -9999 -9999 -9999 -9999 -9999 -9999 -9999 -9999 -9999 -9999 -9999 -9999 -9999 -9999 -9999 -9999 -9999 -9999 -9999 -9999 -9999 -9999 -9999 -9999 -9999 -9999 -9999 -9999 -9999 -9999 -9999 -9999 -9999 -9999 -9999 -9999 -9999 -9999 -9999 -9999 -9999 -9999 -9999 -9999 -9999 -9999 -9999 -9999 -9999 -9999 -9999 -9999 -9999 -9999 -9999 -9999 -9999 -9999 -9999 -9999 -9999
-9999 -9999 -9999 -9999 -9999 -9999 -9999 -9999 -9999 -9999 -9999 -9999 -9999 -9999 -9999 -9999 -9999 -9999 -9999 -9999 -9999 -9999 -9999 -9999 -9999 -9999 -9999 -9999 -9999 -9999 -9999 -9999 -9999 -9999 -9999 -9999 -9999 -9999 -9999 -9999 -9999 -9999 -9999 -9999 -9999 -9999 -9999 -9999 -9999 -9999 -9999 -9999 -9999 -9999 -9999 -9999 -9999 -9999 -9999 -9999 -9999 -9999 -9999 -9999 -9999 -9999 -9999 -9999 -9999 -9999 -9999 -9999 -9999 -9999 -9999 -9999 -9999 -9999 -9999 -9999 -9999 -9999 -9999 -9999 -9999 -9999 -9999 -9999 -9999 -9999 -9999 -9999 -9999 -9999 -9999 -9999
-9999 -9999 -9999 -9999 -9999 -9999 -9999 -9999 -9999 -9999 -9999 -9999 -9999 -9999 -9999 -9999 -9999 -9999 -9999 -9999 -9999 -9999 -9999 -9999 -9999 -9999 -9999 -9999 -9999 -9999 -9999 -9999 -9999 -9999 -9999 -9999 -9999 -9999 -9999 -9999 -9999 -9999 -9999 -9999 -9999 -9999 -9999 -9999 -9999 -9999 -9999 -9999 -9999 -9999 -9999 -9999 -9999 -9999 -9999 -9999 -9999 -9999 -9999 -9999 -9999 -9999 -9999 -9999 -9999 -9999 -9999 -9999 -9999 -9999 -9999 -9999 -9999 -9999 -9999 -9999 -9999 -9999 -9999 -9999 -9999 -9999 -9999 -9999 -9999 -9999 -9999 -9999 -9999 -9999 -9999 -9999
50 49 48 45 46 46 46 48 48 48 46 46 44 43 42 41 41 41 42 42 42 43 46 47 47 49 49 49 49 49 49 49 48 48 48 48 48 48 48 48 48 48 47 47 47 47 46 45 44 45 44 44 44 44 44 44 44 44 44 47 46 46 45 45 43 43 43 43 43 42 42 42 41 41 41 41 41 41 39 39 38 38 44 37 37 38 38 44 44 44 44 44 36 38 39 40
50 49 49 46 46 46 46 48 48 48 47 46 44 43 42 41 41 41 41 42 43 49 46 46 49 49 50 50 49 49 49 49 49 49 49 48 49 48 48 48 48 48 47 47 47 48 47 45 45 44 44 44 44 44 44 44 43 44 45 47 47 46 45 45 44 43 43 43 43 42 42 42 41 40 38 38 38 38 40 38 38 38 44 44 37 37 44 44 44 44 44 44 36 38 39 40
50 49 48 46 46 47 47 48 48 48 48 46 44 43 42 42 42 42 41 42 45 49 49 49 49 49 49 51 49 49 49 49 49 49 49 50 50 50 49 48 48 48 47 47 46 45 46 46 46 45 44 44 44 44 44 44 44 46 46 46 45 45 45 44 44 43 43 43 43 42 42 41 41 41 40 38 36 36 36 38 38 38 44 44 37 44 44 44 43 44 44 44 36 37 39 40
51 48 47 47 46 45 46 48 48 48 47 46 44 43 43 41 42 42 42 42 44 48 49 49 49 50 52 50 49 49 49 49 49 49 49 50 51 51 51 49 49 48 47 46 46 46 45 45 45 44 44 44 44 44 43 44 45 46 46 46 45 45 45 44 44 43 42 42 42 42 41 41 41 41 39 36 36 44 35 44 35 35 44 44 44 44 44 42 43 43 44 44 36 36 39 39
49 48 48 45 45 45 46 47 48 47 46 46 44 43 43 43 42 42 42 42 45 45 49 49 49 49 49 49 49 49 49 49 49 50 50 50 51 51 50 50 49 48 48 46 46 45 44 44 44 44 44 44 44 44 44 45 46 45 45 45 46 45 45 45 44 43 43 42 41 41 41 41 41 41 41 38 38 45 44 44 44 44 44 45 44 44 44 43 42 42 44 44 44 36 37 39
48 48 47 45 45 45 47 48 46 46 46 46 44 44 43 42 42 42 42 42 45 45 48 49 48 48 47 48 48 49 49 49 49 50 50 50 51 51 51 50 48 48 46 47 45 44 44 44 44 44 44 44 42 44 46 48 46 46 46 45 46 47 47 46 45 44 43 42 41 41 41 41 40 41 40 40 38 37 44 44 43 44 44 44 43 44 44 43 42 43 43 44 44 36 36 38
48 47 47 46 47 47 49 48 46 46 45 45 44 43 43 44 42 42 42 43 45 45 48 49 48 48 45 45 47 49 49 49 49 50 50 50 50 51 50 49 48 48 45 45 45 44 44 43 43 42 43 42 42 44 46 46 47 47 47 47 47 47 47 47 45 44 43 41 41 41 41 41 40 38 37 37 44 44 43 43 43 43 44 44 43 43 43 42 42 42 42 43 44 44 36 37
45 48 48 48 48 50 50 46 46 46 45 44 44 44 44 44 43 44 44 44 45 45 46 45 45 45 45 45 49 49 49 48 49 51 51 51 50 51 50 50 49 48 46 45 45 44 44 43 42 42 42 43 43 42 42 44 44 47 47 46 46 46 46 45 45 45 45 43 41 41 41 41 37 45 44 43 43 44 42 42 42 42 44 42 42 42 42 42 42 42 42 42 42 42 44 36
45 45 48 48 48 53 50 46 46 46 44 44 44 45 44 44 44 45 45 45 45 45 45 45 45 45 45 46 48 49 49 49 49 51 51 51 50 51 50 48 48 48 46 44 44 44 44 43 43 43 43 43 43 43 43 43 43 44 44 44 45 45 45 45 45 45 44 45 43 41 40 40 45 44 44 42 42 42 42 42 42 43 42 42 42 42 42 42 42 42 42 42 42 43 43 36
45 45 47 48 49 51 49 46 46 45 44 44 44 44 44 44 45 45 45 45 45 45 45 46 45 45 45 45 48 50 50 52 49 48 51 51 51 50 49 48 48 48 45 44 44 44 44 43 42 42 42 43 43 43 44 43 44 42 41 41 43 43 44 43 43 43 44 42 42 40 38 38 37 44 42 42 42 42 42 42 44 45 42 42 42 42 42 42 42 42 42 42 42 42 43 45
45 44 45 48 50 49 49 48 46 46 46 45 46 44 45 45 45 45 45 45 45 45 46 47 47 46 46 45 48 50 51 52 50 50 51 51 51 51 50 48 49 48 45 45 44 44 44 44 44 44 44 44 44 44 43 42 43 40 40 40 40 40 40 40 40 40 40 40 39 38 37 37 38 38 43 42 42 42 42 42 42 42 42 42 42 42 42 42 42 42 42 42 41 41 43 43
45 44 45 48 50 51 50 49 48 46 46 46 46 46 46 46 46 45 45 45 44 45 46 48 48 48 48 48 49 51 52 53 50 51 51 51 51 51 51 48 48 46 45 45 44 44 44 44 43 44 44 44 44 42 44 44 42 40 40 40 40 40 40 40 40 39 40 38 37 37 38 38 37 37 46 44 44 44 43 42 42 42 42 42 42 42 42 42 42 42 42 42 42 41 43 43
45 43 44 46 53 53 50 50 49 48 47 48 46 46 46 46 46 46 46 44 44 45 46 46 46 47 48 48 52 54 55 54 51 51 53 53 52 50 50 48 48 48 45 45 45 45 44 45 45 45 44 45 44 46 45 44 43 43 42 40 40 40 38 37 37 37 37 37 37 36 36 38 40 40 40 40 40 40 39 44 44 44 44 42 42 42 42 42 42 42 42 42 41 41 41 41
44 44 44 47 53 51 50 49 49 48 47 48 48 46 46 46 46 46 45 44 44 45 46 46 46 46 48 49 52 53 55 56 53 53 55 55 52 49 49 50 49 48 45 45 45 45 45 46 46 46 46 45 45 46 45 45 45 44 42 41 40 40 39 38 38 37 38 37 37 37 37 38 39 40 40 42 42 42 39 38 38 45 44 43 42 42 42 42 42 42 42 41 41 41 41 41
43 43 43 48 53 52 51 49 48 48 48 48 46 46 46 46 47 46 45 44 44 44 46 45 46 46 47 49 50 53 55 56 55 55 55 55 52 49 49 50 50 48 46 46 46 45 47 46 46 46 46 46 45 47 45 44 46 46 46 44 44 42 40 40 40 38 38 37 46 46 37 39 40 41 42 42 42 42 41 42 42 38 44 42 42 42 42 42 42 42 42 41 41 41 41 41
45 45 45 48 51 52 51 51 51 49 49 49 47 47 46 46 46 46 45 44 43 44 45 45 46 46 47 47 49 52 53 55 55 53 53 53 51 48 48 49 48 48 48 48 48 47 47 46 45 45 46 47 47 47 46 46 46 46 46 46 46 46 43 40 40 39 38 37 46 46 37 39 42 42 42 42 45 45 42 42 42 40 44 43 43 42 42 42 42 42 42 42 41 41 41 41
44 44 44 46 49 50 53 56 53 50 51 51 49 46 46 46 46 44 44 43 43 44 45 45 45 45 46 46 48 49 50 51 52 51 51 51 51 48 48 48 48 48 48 48 48 47 47 47 47 46 47 47 47 46 46 46 46 46 46 44 44 43 40 40 39 39 37 46 46 37 37 38 42 42 42 44 45 45 45 45 44 42 37 45 44 42 42 42 42 42 42 42 41 41 41 41
44 44 44 49 53 53 53 52 52 51 49 49 50 48 46 45 45 44 44 44 43 43 44 45 45 45 45 45 46 47 48 48 48 49 49 48 48 48 48 48 48 48 48 48 48 47 47 46 46 46 46 46 46 46 46 46 46 46 44 41 40 40 37 37 37 37 37 37 37 46 37 38 39 41 42 42 45 46 46 45 45 45 40 37 44 44 43 42 42 42 42 42 42 42 42 41
43 44 44 47 50 53 53 50 50 49 48 47 48 48 46 44 44 45 44 44 43 43 43 45 45 45 45 45 45 46 46 46 48 48 48 48 48 48 48 48 48 48 48 47 47 47 47 48 46 45 45 45 44 45 46 46 45 44 41 40 37 37 40 37 37 38 40 39 37 37 37 38 39 40 42 44 46 47 46 45 45 45 38 37 44 44 42 42 42 42 42 42 41 41 42 41
43 44 44 45 49 53 52 50 49 49 49 48 47 46 46 44 44 45 44 44 44 45 44 45 45 45 46 45 45 45 45 45 48 49 48 48 48 48 47 48 48 48 48 46 46 46 46 48 48 47 45 45 45 44 44 44 44 44 41 40 37 40 40 40 38 39 40 38 37 37 37 37 40 40 42 45 47 49 46 46 46 45 38 45 44 44 42 42 42 42 42 42 42 42 42 42
43 43 43 46 50 52 51 51 50 49 49 49 47 47 46 45 44 45 45 45 45 45 44 44 44 45 45 45 45 45 45 45 47 48 48 48 48 48 48 48 48 47 46 47 47 47 47 48 48 47 45 46 46 47 44 41 41 41 40 39 37 40 41 42 40 40 41 39 38 38 37 38 40 40 42 46 47 47 45 45 46 45 37 37 44 43 42 42 42 42 42 43 42 42 42 42
43 43 43 48 52 52 51 51 49 49 49 49 47 47 45 45 45 45 46 47 45 45 43 45 45 44 45 45 45 45 45 45 45 46 48 48 48 47 48 48 47 47 47 47 47 48 47 48 48 48 48 48 48 48 46 44 43 40 37 37 40 40 42 44 45 45 43 39 38 40 38 38 40 40 42 45 49 49 43 42 41 42 37 36 44 44 42 42 42 42 44 44 42 42 42 42
43 43 43 50 53 52 52 49 49 49 48 48 47 46 46 45 45 45 47 47 46 45 45 45 45 45 45 45 47 45 45 45 45 45 45 47 46 47 48 48 48 47 47 47 47 47 47 49 48 47 49 49 48 48 47 45 43 40 37 40 40 44 42 44 47 46 43 40 40 40 39 38 40 41 42 44 46 48 40 40 40 38 36 45 44 44 42 42 42 42 44 44 43 42 42 42
44 48 52 51 51 50 49 48 48 47 47 46 46 46 45 45 46 46 45 46 45 44 46 48 48 48 48 47 48 48 48 48 45 45 47 47 47 48 48 48 48 49 49 48 45 45 46 48 48 47 47 47 48 51 47 44 42 40 41 43 47 47 46 45 45 43 42 40 40 40 39 40 45 46 49 49 45 42 39 38 46 45 42 42 42 42 42 44 44 44 44 44 46 42 42 42
49 52 52 51 49 49 49 48 47 46 46 46 46 45 45 46 47 47 47 47 47 45 45 46 48 48 48 48 48 48 48 46 45 46 48 48 48 51 51 52 51 51 51 48 47 45 45 46 47 47 48 48 48 47 44 43 41 40 41 43 46 47 47 46 46 43 42 40 40 39 40 40 47 48 49 49 47 42 37 45 45 44 42 42 42 42 42 44 44 44 44 37 39 44 42 43
51 50 51 49 49 49 48 47 46 46 46 46 45 45 45 46 47 47 47 47 45 45 45 45 47 49 49 49 48 47 47 46 45 45 47 48 51 52 52 51 51 49 51 48 48 47 45 44 44 44 47 47 47 44 44 43 43 41 44 47 47 47 47 47 46 44 44 43 43 40 41 42 46 49 49 47 45 40 45 45 44 44 42 42 42 42 43 44 44 44 37 38 40 38 44 45
50 50 50 49 49 49 49 47 46 46 46 46 45 44 45 45 47 47 47 45 45 45 43 45 45 47 48 49 49 48 47 46 46 46 48 48 49 51 51 51 49 50 52 51 48 47 47 47 44 44 44 44 44 45 41 40 41 44 44 47 47 47 47 47 47 47 47 44 42 42 44 46 46 47 48 45 41 37 44 44 44 42 42 42 42 42 44 44 44 46 38 38 39 47 46 46
50 49 49 47 47 47 47 46 46 45 45 44 44 44 44 45 47 47 47 45 45 45 45 45 45 45 46 45 46 47 46 46 45 45 46 45 48 48 47 47 47 48 51 51 51 51 51 51 51 51 47 44 43 41 42 42 44 42 44 47 47 48 48 49 48 47 47 43 46 49 52 52 47 46 44 41 37 45 42 42 42 42 42 42 43 45 45 45 38 41 41 42 40 38 40 42
50 49 49 47 47 46 46 45 45 45 44 44 44 44 45 45 47 47 47 47 47 45 45 46 45 45 45 45 45 45 45 45 45 45 45 45 45 48 47 45 46 47 48 48 49 50 50 49 49 47 47 44 44 45 44 46 47 44 44 48 48 48 48 48 48 47 45 45 47 49 50 49 47 47 44 40 46 45 42 42 42 42 42 42 44 45 45 39 40 43 45 45 40 41 42 45
49 49 48 46 46 45 44 44 44 44 44 43 44 44 45 46 47 48 49 48 47 45 45 45 46 45 44 45 45 45 45 45 45 45 45 44 45 45 45 45 48 48 48 48 51 51 51 48 47 47 47 47 44 44 46 49 49 44 44 48 49 49 48 46 46 44 43 44 46 47 48 49 47 47 44 37 45 43 42 42 42 42 42 43 45 37 37 40 42 45 48 48 41 42 45 49
49 48 48 46 45 44 44 43 44 44 43 43 43 44 45 47 47 48 48 48 48 48 45 45 46 45 45 45 45 45 45 45 45 45 46 45 45 45 45 45 45 47 48 48 48 51 50 47 47 47 47 45 44 46 47 48 48 44 44 49 49 49 47 44 44 44 42 44 46 47 48 47 47 47 42 46 44 42 42 43 42 42 42 43 45 37 39 42 42 45 48 49 44 48 52 53
49 48 46 46 45 44 44 43 43 42 43 44 44 44 45 46 47 48 48 48 48 48 45 45 45 46 45 45 45 45 45 45 45 46 46 48 46 48 47 45 45 47 47 47 47 48 47 48 48 48 47 47 47 47 48 51 51 44 47 49 49 49 49 46 44 44 44 44 44 46 46 46 47 45 40 45 43 43 44 44 44 43 42 44 45 37 38 40 41 45 49 51 50 51 55 55
47 47 46 45 44 44 44 43 43 43 43 43 43 44 45 47 49 48 48 48 48 48 45 45 45 46 46 45 45 45 45 45 46 48 48 48 48 46 46 44 45 46 47 47 46 47 47 47 47 48 48 50 50 48 48 49 49 44 46 48 49 49 49 49 47 47 47 44 44 44 44 44 43 41 42 37 45 44 42 42 42 42 43 45 37 40 42 45 47 48 48 49 58 58 58 61
47 46 46 44 44 44 43 43 43 44 44 44 44 44 44 45 47 48 48 48 48 48 47 48 47 46 45 45 45 45 47 47 47 48 51 51 51 48 46 46 45 45 46 45 46 47 47 47 47 47 47 48 47 48 48 49 49 44 44 44 47 49 49 49 49 49 49 49 46 44 44 44 42 43 43 37 45 45 44 42 42 42 43 45 37 40 40 45 50 51 49 50 58 59 61 62
46 46 45 44 44 43 43 43 43 43 44 44 44 43 44 44 45 47 47 47 46 45 47 45 45 45 45 45 45 45 48 48 48 48 52 52 51 48 48 46 46 46 46 46 46 47 47 47 47 45 44 44 47 48 46 47 47 44 43 44 47 49 49 50 49 47 48 50 47 44 44 44 42 44 43 37 46 45 45 45 43 43 43 45 37 39 40 46 50 51 48 50 55 58 62 67
46 45 44 43 43 43 43 43 43 43 43 43 44 43 43 44 43 47 47 47 47 45 45 44 45 45 45 45 45 45 45 48 51 51 51 51 48 48 48 47 48 48 45 46 45 46 47 47 45 44 44 44 44 48 44 44 44 44 44 44 44 47 50 50 50 47 47 49 47 44 44 44 43 43 42 37 37 37 37 45 45 44 42 45 37 40 42 51 53 51 50 53 54 57 62 68
44 44 44 43 43 43 43 43 43 43 43 43 44 43 43 44 44 46 47 45 46 45 44 44 45 45 45 45 45 45 45 46 51 51 51 49 49 48 48 48 51 48 45 46 46 45 45 48 47 44 44 44 44 48 44 43 44 45 45 45 47 47 51 50 50 47 47 49 47 45 44 43 43 44 42 38 40 40 37 37 45 45 44 45 37 40 43 50 50 48 50 52 55 59 61 63
44 44 43 44 44 44 43 43 43 43 43 43 43 43 44 46 46 45 45 45 46 46 45 45 46 47 47 47 44 43 44 45 48 48 51 53 54 51 51 49 49 49 48 47 48 47 45 48 49 47 44 44 44 43 43 43 44 47 48 48 48 48 50 50 50 48 47 47 46 44 44 43 44 43 42 40 43 44 41 40 37 37 45 45 39 43 45 43 43 45 50 51 52 52 54 53
