maxent/maxent_rasters/bio13_precip_wettest_month.asc
ncols        1049
nrows        959
xllcorner    -124.500000000000
yllcorner    32.500000000000
cellsize     0.010000000000
NODATA_value -9999
[rows 86 to 128 of 959, columns 480 to 575 of 1049]
41 41 42 43 42 43 42 39 38 37 36 35 34 34 34 34 33 33 33 32 32 32 32 32 32 32 32 34 36 37 36 35 34 34 35 33 31 29 29 29 29 30 31 32 36 35 33 32 32 29 28 26 26 25 24 24 24 24 24 24 24 24 25 25 26 26 26 29 27 26 26 26 25 24 24 24 24 23 23 23 23 23 23 24 24 24 24 24 24 24 24 24 24 24 24 24
42 43 43 44 43 41 41 39 37 37 36 35 34 34 34 34 33 33 33 32 32 32 32 32 32 33 33 34 36 38 37 37 35 36 36 36 32 29 29 29 30 30 31 33 37 39 36 34 31 29 27 27 26 25 24 24 24 24 24 24 24 24 24 24 25 25 26 30 28 26 25 25 25 24 24 24 23 23 23 23 23 23 23 24 24 24 24 24 24 24 24 24 24 24 24 24
43 44 45 43 42 41 39 39 37 36 36 35 34 34 34 33 33 33 33 33 32 32 33 33 33 33 33 34 36 37 37 37 37 36 36 37 32 29 29 29 29 30 31 33 36 42 41 37 33 31 29 28 27 25 24 24 24 24 24 24 24 24 24 24 24 25 26 30 28 26 26 25 24 24 24 24 23 23 23 23 23 24 24 24 24 24 24 24 24 24 24 24 24 24 24 24
44 44 44 43 41 40 39 38 37 36 36 35 34 34 34 33 33 33 33 33 32 33 33 34 35 34 33 34 35 37 37 36 37 35 33 32 30 29 30 30 30 30 32 33 35 39 44 38 36 32 29 29 27 25 25 24 24 24 24 24 24 24 24 24 24 24 25 29 27 26 26 25 25 24 24 24 23 23 23 23 23 23 24 24 24 24 24 24 24 24 24 24 23 23 23 23
43 43 42 42 41 39 38 37 37 36 36 36 36 35 35 34 34 33 33 33 33 33 34 35 35 34 34 34 35 37 37 36 35 33 32 33 33 30 30 31 30 30 32 34 34 37 42 35 34 32 30 28 27 25 25 24 24 24 24 24 23 23 24 24 24 24 24 28 28 27 26 26 25 24 24 24 24 24 23 23 23 23 24 24 24 24 24 24 24 24 24 24 23 23 23 23
41 40 39 40 39 38 37 36 36 36 36 36 37 37 37 35 34 33 33 33 33 33 35 37 38 36 36 35 35 36 36 36 33 33 33 33 33 34 32 31 32 32 33 34 38 38 42 42 38 34 31 29 28 26 25 24 24 24 24 23 23 23 23 23 23 23 24 25 26 27 27 27 26 25 25 24 24 24 23 23 23 23 23 23 23 23 23 23 23 23 23 23 24 24 23 23
42 40 39 38 38 37 36 36 36 35 35 36 37 36 36 36 34 34 33 33 34 34 36 38 38 37 37 35 36 35 34 34 33 33 33 34 34 35 33 31 31 32 34 35 39 41 42 41 38 34 31 29 28 25 25 24 24 24 23 23 23 23 23 23 23 23 23 24 24 25 27 27 26 25 24 24 24 24 23 23 23 23 23 23 23 23 23 23 23 23 23 23 23 23 23 23
42 41 39 38 38 38 37 36 36 35 35 35 36 35 34 34 34 33 33 33 34 35 37 38 39 38 39 38 38 37 36 34 33 33 34 34 34 33 32 31 31 32 34 38 39 41 43 40 38 35 33 31 29 26 25 24 24 23 23 23 23 23 23 23 23 23 23 23 24 24 25 26 25 25 24 24 23 23 23 23 23 23 23 23 23 23 23 23 23 23 23 23 23 23 23 23
42 41 41 39 39 38 37 36 36 35 35 35 34 34 34 34 34 33 33 34 34 35 38 39 40 39 39 40 38 38 37 37 33 33 33 34 34 34 32 31 31 32 35 40 42 44 45 41 38 36 34 30 29 26 25 25 24 23 23 23 23 23 23 23 23 23 23 23 23 23 24 24 25 24 24 24 23 23 23 23 23 23 23 23 23 23 23 23 23 23 23 23 23 23 23 23
43 42 41 39 41 39 38 36 35 35 35 35 34 35 34 34 34 34 33 33 34 35 39 40 41 41 41 41 39 37 36 35 33 33 33 35 37 34 32 32 32 33 37 42 43 42 40 38 40 36 33 31 29 26 25 24 24 23 23 23 23 23 23 23 23 23 23 23 23 23 23 24 27 26 25 24 24 23 23 23 23 23 23 23 23 23 23 23 23 23 23 23 23 23 23 23
41 42 41 41 41 41 39 36 35 35 35 35 35 35 35 34 34 33 34 34 34 35 39 41 43 47 50 48 40 38 37 34 33 33 33 35 38 36 34 33 33 34 37 42 42 41 39 35 32 30 29 28 27 25 25 24 24 24 24 23 23 23 23 23 23 23 23 23 23 23 23 23 25 26 25 24 24 23 23 23 23 23 23 23 23 23 23 23 23 23 23 23 23 23 23 23
40 40 40 40 40 40 39 36 36 35 35 35 36 36 35 34 34 34 34 34 34 35 39 40 43 48 49 50 43 41 36 34 34 35 34 35 37 37 36 34 34 35 39 44 45 42 39 34 31 30 28 27 26 25 25 24 24 24 23 23 23 23 23 23 23 23 23 23 23 23 23 23 25 25 25 24 24 23 23 23 23 23 23 23 23 23 23 23 23 23 23 23 23 23 23 23
41 40 40 40 39 38 38 36 36 35 36 36 36 36 36 35 35 36 34 34 34 35 39 41 43 47 45 46 43 40 36 34 33 35 35 35 36 39 36 34 34 35 42 49 49 44 45 37 33 31 30 28 27 25 25 24 24 24 23 23 23 23 23 23 23 23 23 23 23 23 23 23 24 25 26 25 24 23 23 23 23 23 23 23 23 23 23 23 23 23 23 23 23 23 23 23
41 41 40 40 39 37 37 36 36 36 36 36 36 36 36 36 36 36 35 35 35 36 39 41 44 43 43 44 39 37 35 33 32 32 33 34 35 36 34 33 34 35 46 54 51 49 45 38 36 35 31 28 27 25 25 24 24 24 23 23 23 23 23 23 22 23 23 23 23 23 23 24 24 24 25 25 24 24 24 22 23 23 23 23 23 23 23 23 23 23 23 23 23 23 23 23
40 40 39 39 39 38 38 37 37 36 37 36 36 37 37 38 38 37 37 38 36 36 39 40 41 42 44 46 39 39 35 32 32 32 32 32 33 33 32 33 34 35 43 46 47 45 45 40 35 32 30 28 27 25 24 24 24 24 23 23 23 23 23 23 23 22 22 23 23 23 23 23 24 24 25 26 24 24 24 22 22 23 23 23 23 23 23 23 23 23 23 23 23 23 23 23
38 39 38 37 38 39 39 38 38 37 37 37 38 39 38 38 40 39 40 40 39 39 40 39 41 47 48 48 44 40 36 33 30 32 34 33 34 34 34 33 33 35 35 36 38 40 39 34 32 31 30 29 27 26 25 25 24 23 23 23 23 23 23 23 23 23 22 23 23 24 24 24 24 25 25 25 24 23 22 22 22 22 23 23 23 23 23 23 23 23 23 23 23 23 23 23
38 40 39 36 36 37 38 40 40 38 37 38 39 40 41 40 40 40 40 40 40 41 38 37 38 42 45 46 40 40 36 33 30 33 34 32 32 33 32 32 32 31 32 34 34 35 38 36 35 33 30 28 27 25 25 24 24 23 23 23 23 23 23 23 23 23 23 23 24 24 24 25 25 25 26 25 23 23 22 22 22 22 23 23 23 23 23 23 23 23 23 23 23 23 22 22
37 38 39 35 35 36 37 41 41 39 39 39 41 42 42 41 41 41 41 41 41 41 39 36 37 39 40 40 37 38 35 33 30 29 31 30 30 30 31 30 30 30 31 32 32 33 36 40 37 33 31 29 28 25 24 24 24 23 23 23 23 23 23 23 23 23 23 23 24 24 24 25 27 25 25 25 23 23 22 22 22 22 22 22 23 22 23 23 23 22 22 22 22 22 22 22
36 37 36 36 35 35 36 38 39 40 41 42 43 43 44 43 43 41 40 40 40 39 38 35 36 37 37 36 37 37 34 33 30 29 28 28 28 29 30 30 29 29 29 30 30 32 35 42 40 36 35 33 28 25 24 24 23 23 23 23 23 23 23 23 23 23 23 23 23 24 24 25 27 27 25 24 23 23 22 22 22 22 22 22 22 22 22 22 23 22 22 22 22 22 22 22
35 35 35 35 35 34 35 37 37 38 39 41 49 48 49 44 45 43 41 40 39 38 35 34 34 36 35 34 38 37 33 31 31 29 28 29 30 29 29 28 28 28 28 29 30 32 36 43 37 34 31 28 27 25 24 24 23 23 23 23 23 23 23 23 23 23 23 22 23 24 25 25 27 27 27 26 25 24 22 22 22 22 22 22 22 22 22 22 22 22 22 22 22 22 22 22
33 34 34 34 36 35 34 36 36 37 38 40 47 53 52 47 47 45 44 41 40 38 35 33 33 34 34 33 35 33 31 30 29 28 28 28 29 31 30 29 28 28 27 28 30 32 37 43 37 33 30 29 27 25 24 24 23 23 23 23 23 23 23 23 23 23 23 23 23 24 26 25 25 27 27 27 26 25 22 22 22 22 22 22 22 22 22 22 22 22 22 22 22 22 22 22
33 33 33 34 34 36 36 35 37 38 40 41 44 49 49 48 48 42 43 41 38 35 31 31 31 32 29 29 30 29 29 29 28 28 27 28 29 29 27 26 26 26 27 28 28 29 32 37 35 31 29 27 26 24 24 23 23 23 23 23 23 23 23 23 23 23 23 22 22 23 25 26 24 24 24 24 23 23 22 22 22 22 22 22 22 22 22 22 22 22 22 22 24 23 22 22
33 33 33 34 34 35 36 35 36 38 40 42 45 44 43 44 47 42 39 38 37 35 33 31 30 31 28 28 28 28 28 28 28 28 27 27 27 27 27 26 26 26 27 27 28 28 30 32 32 29 28 26 25 24 24 23 23 23 23 23 23 23 23 23 23 23 23 22 22 22 23 25 24 23 23 23 23 22 22 22 22 22 22 22 22 22 22 22 22 22 22 22 22 22 22 22
32 32 33 33 34 35 35 34 35 36 37 39 44 43 42 41 44 44 42 41 42 40 35 33 31 29 28 28 28 28 28 28 28 28 27 27 27 26 26 26 26 26 26 27 27 27 29 31 33 32 29 27 26 24 23 23 23 23 23 23 23 23 23 23 23 23 23 22 22 22 23 23 23 23 23 23 22 22 22 22 22 22 22 22 22 22 22 22 22 22 22 22 22 22 22 22
32 32 33 33 33 34 34 34 34 35 36 38 43 43 40 41 42 41 42 43 42 40 33 32 30 30 29 28 28 28 27 28 27 27 28 27 26 26 26 26 26 26 26 26 27 27 28 31 33 31 28 27 25 24 23 23 23 23 23 23 23 23 23 23 23 23 23 22 22 22 22 23 23 23 23 23 22 22 22 22 22 22 22 22 22 22 22 22 22 22 22 22 22 22 22 22
32 33 33 33 34 35 34 37 38 37 36 39 42 41 39 39 42 39 39 40 43 42 38 37 34 32 30 28 27 27 27 28 28 28 28 26 26 26 26 26 26 26 26 26 26 27 28 31 33 31 28 26 25 24 23 23 23 23 23 23 23 23 22 23 22 23 23 24 22 22 23 24 24 23 23 23 24 22 22 22 22 22 22 22 22 22 22 22 22 22 22 22 22 22 21 21
32 32 33 33 34 34 35 36 38 38 36 39 40 39 38 37 40 39 39 40 43 43 43 41 35 33 30 28 28 27 27 27 27 28 27 26 26 26 25 25 26 25 26 26 26 27 28 31 30 31 28 25 24 23 23 23 23 23 23 23 23 23 22 22 22 22 22 23 23 22 22 22 23 22 22 22 22 22 22 22 22 22 22 22 22 22 22 22 22 22 22 22 22 22 21 21
32 32 33 35 35 35 35 37 39 38 37 38 37 38 37 37 38 38 38 39 43 44 44 39 35 33 31 29 28 27 27 27 27 27 27 26 25 25 25 25 25 25 25 26 25 26 28 29 28 28 27 25 23 23 23 23 23 23 23 23 23 23 22 22 22 22 22 22 22 22 22 22 22 22 22 22 22 22 22 22 22 22 22 22 22 22 22 22 22 22 22 22 22 21 21 21
32 32 32 34 35 36 37 37 39 38 38 40 36 37 37 36 36 37 38 38 38 40 43 39 37 34 31 29 28 27 27 27 26 26 26 25 25 25 25 25 25 25 25 25 25 27 28 27 26 27 25 24 23 23 23 23 23 23 23 23 23 23 22 22 22 22 22 22 22 22 22 22 22 22 22 22 22 22 22 22 22 22 22 22 22 22 22 22 21 21 21 21 21 21 21 21
33 33 33 33 35 35 36 37 38 39 38 38 36 37 36 36 36 37 38 38 35 34 37 36 38 37 32 29 27 27 27 27 27 26 26 26 25 24 24 25 25 25 25 25 25 28 28 26 25 25 24 23 23 23 23 23 23 23 23 23 22 22 22 22 22 22 22 22 22 22 22 22 22 22 22 22 22 22 22 22 22 22 22 22 22 22 22 22 21 21 21 21 21 21 21 21
37 37 36 36 34 34 35 36 37 38 39 40 34 34 36 38 36 37 38 40 41 35 30 29 29 30 30 28 27 27 27 26 26 26 26 25 25 24 24 24 24 24 25 25 25 26 25 24 24 23 23 23 23 23 23 23 23 22 22 22 22 22 22 22 22 22 22 22 22 22 22 22 22 22 22 22 22 22 22 22 22 22 22 21 21 21 21 21 21 21 21 21 21 21 21 21
38 38 37 36 36 34 34 35 36 38 39 39 34 32 33 35 37 38 39 38 37 34 33 33 30 29 28 27 27 27 27 26 26 26 25 25 25 24 24 24 24 24 25 25 25 25 25 24 24 24 23 23 23 23 23 23 23 22 22 22 22 22 22 22 22 22 22 22 22 22 22 22 22 22 22 22 22 22 22 22 22 22 21 21 21 21 21 21 21 21 21 21 21 21 21 21
38 38 38 38 37 35 35 36 37 37 39 40 34 32 32 32 34 38 39 40 41 39 36 34 32 31 29 28 28 27 27 26 26 26 25 25 25 24 24 24 24 24 25 25 25 25 24 24 24 23 23 23 23 23 23 23 22 22 22 22 22 22 22 22 22 22 22 22 22 22 22 22 22 22 22 22 22 21 22 22 21 21 21 21 21 21 21 21 21 21 21 21 21 21 21 21
39 38 38 37 37 37 36 37 37 37 38 38 33 32 32 32 34 35 39 40 42 44 37 35 34 32 30 29 28 27 27 27 26 26 25 25 25 24 24 24 24 24 25 25 24 24 24 23 23 23 23 23 23 23 23 23 22 22 22 22 22 22 22 22 22 22 22 22 22 22 22 22 22 22 22 21 21 21 21 21 21 21 21 21 21 21 21 21 21 21 21 21 21 21 21 21
40 39 38 37 37 38 38 37 35 35 36 36 32 31 31 31 32 34 38 41 44 48 38 36 34 33 30 29 28 28 27 27 26 26 25 25 25 25 25 25 24 24 24 24 24 24 24 23 23 23 23 23 23 23 23 23 22 22 22 22 22 22 22 22 22 22 22 22 22 22 22 22 22 22 21 21 21 21 21 21 21 21 21 21 21 21 21 21 21 21 21 21 21 21 21 21
39 40 40 38 37 37 37 37 37 35 34 33 31 29 29 29 30 32 33 36 39 42 39 37 36 35 33 32 29 29 29 28 27 26 26 25 25 25 25 24 24 24 24 24 24 24 23 23 23 23 23 23 23 23 23 22 22 22 22 22 22 22 22 22 22 22 22 22 22 22 22 22 22 21 21 21 21 21 21 21 21 21 21 21 21 21 21 21 21 21 21 21 21 21 21 21
39 38 38 38 38 38 36 35 36 34 33 33 30 29 29 29 29 31 32 34 39 43 40 40 38 39 39 36 32 30 29 28 27 26 26 25 25 25 24 24 24 24 24 24 24 23 23 23 23 23 23 23 23 23 22 22 22 22 22 22 22 22 22 22 22 22 22 22 22 22 22 22 21 21 21 21 21 21 21 21 21 21 21 21 21 21 21 21 21 21 21 21 21 21 21 21
39 40 39 38 37 37 36 34 35 35 33 32 30 29 29 29 29 30 31 36 42 45 43 42 40 44 45 45 38 33 30 28 27 26 26 25 25 24 24 24 24 23 23 23 23 23 23 23 23 23 23 23 23 22 22 22 22 22 22 22 22 22 22 23 23 23 22 22 22 22 21 21 21 21 21 21 21 21 21 21 21 21 21 21 21 21 21 21 21 21 21 21 21 21 21 21
41 40 40 39 38 37 36 33 33 34 33 32 29 29 29 29 29 29 30 35 40 41 44 45 46 47 48 47 42 37 32 28 26 26 26 26 25 24 24 24 24 23 23 23 23 23 24 23 23 23 23 23 23 22 22 22 22 22 22 22 22 22 22 22 23 23 22 22 22 22 21 21 21 21 21 21 21 21 21 21 21 21 21 21 21 21 21 21 21 21 21 21 21 21 21 21
41 39 39 38 38 36 35 34 33 32 31 31 29 29 29 29 29 29 29 31 33 36 41 43 45 48 49 50 45 40 35 29 26 26 26 25 25 24 24 24 23 23 23 24 24 24 24 23 23 23 23 23 23 22 22 22 22 22 22 22 22 22 22 22 22 22 22 21 21 21 21 21 21 21 21 21 21 21 21 21 21 21 21 21 21 21 21 21 21 21 21 21 21 21 21 21
39 38 37 37 39 39 37 37 36 35 34 32 30 30 29 29 28 28 28 28 28 30 35 38 41 43 54 56 41 39 34 29 26 26 26 25 25 24 24 23 23 23 23 23 24 24 24 23 22 22 22 22 22 22 22 22 22 22 22 22 22 23 22 22 22 21 21 21 21 21 21 21 21 21 21 21 22 22 22 22 21 21 21 21 21 21 21 21 21 21 21 21 21 21 22 22
38 37 37 38 40 41 38 36 36 34 34 32 31 30 29 29 29 28 28 28 28 28 33 35 38 46 57 63 44 40 34 29 26 26 26 25 25 25 24 23 23 23 24 24 24 25 24 22 22 22 22 22 22 22 22 22 22 22 22 22 22 22 22 22 21 21 21 21 21 21 22 22 22 22 22 22 22 22 22 22 22 21 21 21 21 21 21 21 21 21 21 21 21 22 22 23
37 37 37 37 39 39 37 37 37 36 34 32 30 30 30 29 29 28 28 28 28 28 29 31 35 44 53 58 51 45 36 30 26 26 25 25 25 25 25 24 24 24 25 25 24 24 23 23 23 23 22 23 23 22 22 22 22 22 22 22 22 22 22 22 21 21 21 21 21 22 22 22 22 22 22 22 23 22 22 22 22 22 21 21 21 21 21 21 21 21 21 21 21 22 22 23
