maxent/maxent_rasters/bio13_precip_wettest_month.asc
ncols        1049
nrows        959
xllcorner    -124.500000000000
yllcorner    32.500000000000
cellsize     0.010000000000
NODATA_value -9999
[rows 129 to 171 of 959, columns 864 to 959 of 1049]
29 29 29 29 29 30 30 30 34 36 36 37 37 38 39 38 37 36 35 35 35 36 36 37 38 40 41 40 41 41 41 40 40 40 39 40 41 43 42 42 42 41 41 41 42 43 44 44 42 43 44 44 44 45 46 50 52 52 51 52 52 52 49 45 44 44 43 42 41 40 40 40 41 42 43 43 45 46 40 38 37 33 33 33 33 33 33 32 33 32 32 32 33 34 34 34
28 29 29 29 30 30 30 31 35 36 38 40 41 39 38 37 36 36 36 35 35 36 36 38 39 40 40 41 41 41 41 41 40 40 41 44 44 43 42 42 41 41 41 41 43 44 44 44 44 44 45 46 47 49 51 53 55 53 54 52 53 54 51 46 45 43 43 42 41 40 40 40 40 42 43 44 46 47 38 36 34 33 33 33 33 33 33 33 32 33 32 32 35 37 37 35
28 28 29 30 30 30 32 34 37 37 40 44 44 41 39 38 36 35 35 36 36 36 36 39 39 40 40 40 40 40 41 42 41 41 42 44 44 44 42 41 41 41 41 41 44 45 46 46 45 46 47 48 49 52 52 53 55 55 58 54 53 56 53 46 45 44 43 42 40 40 39 40 40 42 43 44 46 45 38 36 34 33 33 33 33 32 32 33 32 32 33 33 33 35 38 36
29 29 29 32 33 34 37 39 42 43 43 42 41 40 37 36 35 34 34 36 36 36 36 38 38 38 38 38 39 39 42 43 43 42 43 44 44 44 43 42 42 42 43 44 47 48 47 48 49 50 50 50 51 52 54 54 53 55 54 55 58 59 52 46 44 43 43 42 40 39 39 39 40 42 44 47 46 42 38 36 34 34 33 33 33 33 33 33 32 32 32 33 33 33 32 32
30 30 31 34 35 36 38 40 42 43 41 40 40 38 37 35 34 34 34 36 36 37 37 37 37 38 38 38 39 40 43 44 44 43 44 44 45 44 43 43 43 42 44 45 50 50 49 49 51 52 50 51 51 53 54 54 58 60 55 57 60 56 52 44 43 42 41 40 39 39 39 40 41 42 44 48 48 45 42 38 35 34 34 34 33 33 33 32 32 32 32 32 32 32 32 32
31 30 32 33 34 36 39 42 41 41 39 39 38 36 35 34 34 34 35 36 36 37 37 37 38 38 38 38 40 40 42 44 45 44 44 44 45 44 44 44 43 44 45 47 51 52 51 50 51 52 53 52 53 53 53 54 59 63 55 57 56 52 49 43 42 41 40 40 39 38 39 39 40 43 45 47 47 45 41 39 35 34 33 33 33 33 33 32 32 32 32 32 32 32 31 32
31 30 30 32 35 38 41 41 39 38 37 38 38 35 34 34 34 35 35 35 36 37 37 38 38 38 39 40 43 42 42 43 44 45 45 46 46 46 45 45 45 46 49 50 53 53 53 53 52 54 53 53 52 53 55 56 58 61 56 56 50 48 46 42 41 40 39 39 39 38 38 39 40 43 44 47 46 44 39 37 35 34 34 33 33 33 32 32 32 32 32 32 32 32 32 32
34 33 31 33 37 38 37 37 35 35 35 34 33 33 34 34 35 35 35 35 36 37 37 38 39 39 40 41 42 43 43 44 45 47 47 48 48 48 48 48 49 50 53 55 53 53 50 50 53 53 53 52 52 56 56 58 60 57 54 52 48 44 44 40 39 39 39 38 38 38 38 38 39 42 44 44 43 42 38 36 34 34 33 33 32 32 32 32 32 32 32 32 32 32 32 32
33 31 30 34 37 38 36 35 34 33 33 32 33 34 34 35 35 35 35 36 36 36 36 38 38 39 40 41 42 44 44 45 45 47 48 49 49 51 50 50 52 54 55 54 52 51 51 52 53 53 53 53 53 56 60 64 64 55 52 51 47 46 44 40 39 39 38 38 38 37 38 38 39 42 43 42 41 40 40 37 34 33 33 33 33 32 32 32 32 32 32 32 32 32 32 32
32 31 30 34 36 36 35 34 32 32 32 33 33 34 34 34 35 35 35 36 37 37 37 38 39 39 40 41 43 44 45 46 47 48 50 50 49 52 56 59 56 53 54 53 53 54 54 54 56 54 54 55 55 61 64 66 58 53 50 47 45 44 42 39 39 38 38 38 38 37 37 38 38 43 43 41 39 38 37 37 34 33 33 33 33 33 33 32 32 32 32 32 32 33 32 32
33 32 32 36 35 35 33 33 32 32 32 33 33 35 35 35 35 35 36 36 38 37 38 38 39 40 41 41 43 44 45 47 48 51 53 53 53 57 58 55 54 55 54 54 54 53 55 54 57 56 53 53 54 58 60 61 55 52 47 45 43 41 40 39 38 38 38 37 37 37 37 37 38 42 43 40 39 37 36 36 34 34 33 33 33 33 33 33 32 33 32 33 33 32 32 32
33 32 31 34 33 33 32 32 32 32 32 33 33 35 35 35 36 36 36 36 37 37 38 39 39 40 41 42 44 44 45 46 48 54 59 60 60 55 57 54 55 54 53 55 55 56 56 58 59 58 55 55 53 59 60 56 51 50 46 44 41 40 40 39 38 38 38 37 37 37 37 37 37 40 40 39 38 37 35 34 34 34 34 33 33 33 33 33 32 32 32 32 33 33 33 33
31 32 34 35 35 36 35 34 32 33 33 33 34 36 36 37 37 37 37 38 39 38 38 39 41 41 41 41 44 45 46 49 53 60 58 57 57 54 57 59 55 53 53 57 58 62 58 58 62 64 64 62 60 58 57 53 50 46 45 43 42 40 40 39 38 38 37 37 38 38 39 39 37 37 37 37 37 36 35 34 34 34 34 33 33 33 33 33 33 33 33 33 33 33 33 33
32 33 35 35 35 35 35 34 32 33 33 33 33 36 36 36 37 37 37 39 39 39 39 40 41 41 42 42 43 45 47 53 59 57 55 54 55 57 56 56 57 58 56 54 59 61 61 62 60 60 64 66 64 54 53 53 51 47 43 41 41 40 40 39 39 38 38 38 38 38 38 38 37 37 37 37 36 35 34 34 34 34 34 34 34 34 33 33 33 33 33 33 33 33 33 33
32 34 36 35 35 34 34 33 33 33 33 33 34 35 35 36 36 37 37 39 40 40 40 41 41 41 43 43 44 46 50 57 59 57 56 55 55 57 57 58 57 57 58 56 57 58 58 57 64 64 63 65 59 54 52 52 50 46 42 41 40 40 40 38 38 38 39 39 39 39 39 38 37 37 38 38 37 37 35 34 34 34 35 34 34 34 34 34 33 33 33 33 33 33 33 33
33 35 36 35 34 33 33 33 34 34 34 33 33 35 35 35 36 36 36 38 40 41 40 41 41 42 43 44 49 54 58 58 58 57 58 57 57 58 57 56 60 57 57 57 56 58 57 57 57 65 64 58 56 55 51 49 47 46 43 41 41 40 39 38 38 39 39 39 39 39 38 38 37 38 38 39 38 38 35 35 34 35 35 35 35 34 34 34 34 33 33 33 33 33 33 33
32 34 35 34 34 33 33 34 35 35 35 35 33 35 35 35 36 36 37 38 39 41 41 42 42 43 44 46 56 57 54 53 56 56 57 57 59 58 61 59 59 59 56 59 55 55 61 60 54 61 61 55 54 54 50 49 47 45 42 41 40 40 39 38 38 39 38 39 39 38 37 37 36 39 39 39 40 38 35 35 35 35 36 36 35 34 34 34 33 33 33 33 33 33 33 32
33 34 33 34 34 34 34 34 36 38 39 38 37 35 36 36 38 38 39 40 40 42 42 42 43 44 49 52 57 57 56 56 56 56 58 59 61 64 68 69 65 67 60 56 61 57 66 67 54 58 60 56 53 50 50 48 45 44 42 41 40 40 39 38 38 38 37 37 37 36 36 36 36 37 37 37 37 37 36 36 36 36 37 35 35 35 35 34 34 34 34 34 34 34 33 33
34 34 34 34 34 34 35 35 37 39 39 38 36 35 35 36 38 39 38 40 40 42 42 43 44 44 46 49 55 55 57 56 56 57 58 58 59 58 61 63 63 63 64 59 62 61 65 65 54 59 60 56 53 51 49 47 45 44 41 41 41 40 39 38 38 38 37 37 37 36 36 36 36 36 36 36 36 36 35 35 36 36 37 36 35 35 34 34 34 34 34 34 34 33 34 34
34 34 34 34 34 35 35 36 39 40 40 39 37 36 37 37 37 37 37 38 40 42 42 43 44 45 46 47 55 57 56 56 57 55 56 58 59 59 59 59 61 62 63 63 66 65 66 61 57 59 54 53 52 52 49 46 44 43 41 41 40 40 39 38 38 38 38 37 37 36 36 36 36 36 36 35 35 35 35 35 35 36 36 36 36 35 35 35 34 34 34 34 34 34 34 34
34 34 35 35 35 36 36 36 38 40 40 39 37 35 37 38 38 38 38 38 39 42 43 45 45 46 47 48 53 54 56 56 58 60 59 59 59 59 60 61 60 60 58 58 59 61 63 59 60 55 53 53 53 49 48 46 44 42 41 40 40 40 40 38 38 38 37 37 37 36 36 36 36 36 35 35 35 35 35 35 35 35 36 36 36 35 35 34 34 34 35 34 34 34 34 34
35 35 35 36 35 36 37 38 40 41 41 39 37 35 36 38 38 38 37 39 39 39 41 45 47 47 47 48 51 53 54 54 56 56 58 59 60 61 61 61 61 60 59 57 60 65 65 64 60 56 53 51 50 48 46 45 42 41 40 40 39 39 39 38 38 38 37 37 36 36 36 36 36 35 35 35 35 35 35 36 35 35 36 36 36 35 35 35 34 34 34 34 35 34 35 35
36 36 38 37 36 36 37 39 44 42 40 37 36 34 35 35 36 39 40 40 41 41 41 41 42 44 47 47 49 50 50 51 54 58 58 58 58 59 59 60 59 58 59 60 60 61 60 60 54 53 52 50 48 45 44 43 42 41 40 40 39 38 38 37 37 37 37 37 37 36 36 36 36 36 36 35 35 36 35 35 36 36 37 38 39 37 36 35 35 35 35 35 35 35 35 36
37 38 38 38 37 37 37 40 42 41 39 38 36 34 35 35 36 39 40 41 41 42 42 42 42 43 44 45 47 48 50 50 50 56 58 58 58 58 59 59 59 60 59 58 60 62 65 59 53 54 54 52 49 47 45 42 41 41 40 40 40 39 38 38 37 37 37 37 36 36 35 35 36 36 36 35 36 35 36 36 36 37 37 39 40 37 36 36 35 34 35 35 35 35 35 36
38 40 40 38 37 37 38 40 41 40 39 38 37 34 34 35 37 39 39 41 41 41 42 43 43 43 43 44 46 47 48 49 51 55 57 57 56 56 57 60 59 60 60 59 60 64 60 57 54 52 51 50 49 44 42 41 41 40 40 39 39 39 38 37 37 37 37 37 36 36 36 36 36 36 36 36 35 35 35 36 36 37 38 41 39 37 36 35 35 34 34 35 35 35 35 36
38 41 40 38 37 36 38 40 40 39 38 37 36 34 34 36 37 37 38 40 41 41 41 42 43 43 44 44 45 47 48 52 54 54 55 59 60 59 59 58 58 60 58 58 62 63 58 57 55 52 50 46 46 43 41 40 40 39 39 38 38 38 37 37 36 37 37 37 37 36 36 36 36 36 36 36 35 35 35 36 36 37 39 42 40 38 37 36 35 34 34 35 35 35 35 36
38 40 40 37 37 37 38 41 40 39 38 37 36 35 35 35 36 37 38 40 40 41 41 42 43 44 44 46 47 48 51 54 57 57 57 58 59 58 57 59 57 57 57 57 61 62 58 55 54 52 48 45 45 42 41 41 40 40 39 39 38 38 38 37 37 37 37 37 36 36 36 36 36 35 35 36 36 35 35 36 36 37 39 40 39 38 37 36 35 34 34 35 35 35 36 36
39 40 38 38 39 39 39 41 40 38 36 35 35 35 35 35 36 37 37 38 39 40 41 42 43 44 45 46 50 52 54 57 58 58 56 56 57 57 57 57 57 58 58 58 64 60 57 55 50 50 48 45 43 41 41 40 40 40 39 38 38 38 38 37 37 36 36 36 36 36 36 36 36 36 35 35 35 35 36 36 36 37 38 38 37 36 36 36 35 34 34 34 35 35 36 36
41 39 38 41 43 43 41 40 38 37 37 36 35 35 35 36 36 36 36 37 38 38 38 40 40 42 44 48 55 57 59 60 61 59 59 59 60 57 54 58 59 55 56 59 59 57 56 54 49 48 45 43 42 40 40 40 39 39 38 38 37 37 37 37 37 37 36 36 36 36 36 36 36 36 35 35 35 35 35 36 37 38 37 36 36 36 35 35 35 34 34 34 35 35 36 36
40 39 39 42 44 44 42 40 38 37 37 36 35 35 35 36 37 37 37 38 38 38 38 39 40 42 45 48 53 55 56 58 59 60 61 60 59 59 55 58 61 57 55 59 59 56 53 53 49 49 45 43 41 40 40 40 39 40 39 38 37 37 37 37 37 36 36 36 36 36 36 36 36 35 35 35 35 35 35 36 37 36 36 35 35 35 35 35 34 34 34 34 34 35 35 36
40 39 39 43 45 44 42 41 38 37 36 36 35 35 35 35 36 36 37 38 38 39 38 40 41 42 46 51 53 55 57 58 59 60 60 58 57 58 58 59 61 56 59 59 57 55 53 52 50 48 45 42 41 40 40 39 39 39 38 38 37 37 37 36 36 36 36 36 36 36 36 36 35 35 35 35 35 35 35 36 36 36 35 35 35 34 34 34 34 34 34 34 34 35 35 35
40 39 40 44 45 44 42 41 37 37 36 36 35 35 36 36 36 36 36 37 38 39 39 40 42 43 45 51 54 55 55 57 58 60 60 60 60 57 61 64 59 58 57 57 54 53 52 51 49 46 44 41 41 40 39 39 38 38 38 38 38 38 37 37 36 36 36 36 36 36 36 36 35 35 35 35 35 35 36 35 36 35 35 35 35 35 34 34 33 33 34 34 34 35 35 35
41 41 42 45 44 42 41 39 37 37 36 36 35 35 36 37 38 38 38 38 37 38 40 40 42 43 44 46 50 53 54 56 56 57 58 59 59 59 63 58 56 56 55 54 48 48 47 46 43 42 40 40 39 39 38 38 38 38 37 37 37 37 37 36 36 36 36 36 36 36 36 36 36 35 35 35 35 35 35 35 35 35 35 34 34 34 34 34 33 33 34 34 34 34 34 34
42 42 43 45 43 41 40 39 37 36 36 36 35 35 35 36 37 37 38 38 38 38 38 41 42 43 43 44 48 51 53 53 55 55 59 58 59 59 62 60 58 57 56 54 51 47 46 44 42 41 41 40 39 38 38 38 38 38 37 37 37 37 37 36 36 36 36 36 36 36 36 36 36 35 35 35 35 35 35 35 35 35 35 34 34 34 34 34 34 33 33 34 34 34 34 34
42 41 42 44 42 40 39 38 37 36 36 36 35 35 35 35 36 36 36 38 38 39 39 40 41 41 43 44 46 49 51 52 54 56 58 58 59 59 60 61 59 58 56 54 49 47 44 43 41 41 41 40 39 38 38 38 37 38 38 38 38 37 37 37 36 36 36 36 36 35 35 35 35 35 35 35 35 35 35 35 34 34 35 35 35 34 34 34 34 34 33 33 33 33 34 34
41 41 41 44 41 39 38 37 36 36 35 35 35 35 35 35 36 36 36 37 38 39 39 39 40 42 43 45 50 51 52 55 56 58 57 58 59 59 60 59 57 56 53 53 48 44 42 41 40 40 41 40 40 38 37 37 38 37 38 38 38 38 37 36 36 36 36 36 36 35 35 35 35 35 35 36 35 35 35 35 35 35 35 35 35 35 34 34 34 33 33 33 33 33 33 34
41 41 41 42 40 39 38 37 36 36 35 35 36 36 35 35 36 36 36 36 38 39 38 39 40 42 43 45 52 54 56 56 58 59 59 59 57 58 60 58 56 54 50 48 45 42 41 40 39 40 40 40 39 38 37 38 38 38 38 38 38 38 38 36 36 36 36 36 36 36 35 35 35 35 35 35 35 35 35 35 35 35 35 35 34 34 34 34 34 33 33 33 33 33 33 33
40 40 40 40 38 37 37 37 37 36 36 35 36 36 35 36 37 37 37 36 37 37 37 39 41 43 44 46 51 55 55 57 58 58 58 60 60 60 60 57 55 52 49 44 41 39 39 38 38 38 38 38 37 37 37 38 38 38 37 37 37 37 37 36 36 36 36 36 36 35 35 35 35 35 35 35 35 35 35 36 36 35 34 34 35 34 34 34 34 34 33 33 33 33 33 33
40 39 39 38 38 37 37 37 36 36 36 35 35 36 36 35 36 36 37 37 36 36 37 40 42 43 47 50 53 54 56 57 57 58 58 59 61 61 56 55 51 48 46 42 39 39 38 38 38 38 38 37 37 37 37 37 37 37 37 37 36 36 36 36 36 36 35 35 35 35 35 35 35 35 35 35 35 35 36 37 36 35 34 34 35 35 35 34 34 34 34 34 33 33 34 34
39 39 38 37 37 37 37 36 36 36 36 35 35 35 35 36 37 36 36 38 37 37 37 40 42 44 48 51 55 55 55 55 56 57 59 59 60 61 57 54 53 49 44 41 38 39 38 38 38 38 38 37 38 37 37 37 37 37 37 37 37 36 36 36 36 35 35 35 35 35 35 35 36 35 35 35 35 35 37 37 36 35 35 34 36 37 35 34 34 33 33 34 34 34 34 34
39 38 38 37 37 37 36 36 36 36 36 35 35 35 35 35 35 36 36 37 38 38 38 40 42 45 49 52 54 55 55 56 57 58 59 60 60 59 57 55 52 49 44 40 39 38 38 38 38 38 38 38 37 37 37 37 37 37 37 37 36 36 36 36 36 36 36 36 35 35 35 36 36 35 35 35 35 35 37 37 36 35 35 35 36 36 35 34 34 34 33 33 34 34 34 34
38 38 38 37 37 37 36 36 35 36 36 35 35 34 35 35 35 35 36 36 37 37 39 41 42 44 46 49 53 54 54 56 56 56 57 59 57 56 54 53 51 47 42 39 38 38 38 37 37 37 37 38 37 37 37 37 37 37 36 36 36 36 36 36 36 36 36 35 35 36 36 36 37 36 35 35 35 35 37 36 36 35 35 35 36 35 34 34 34 33 34 34 34 34 34 34
38 38 37 37 36 36 36 36 36 35 35 35 35 34 35 36 36 36 36 36 37 37 38 40 42 43 44 46 49 51 52 53 52 54 53 54 54 53 47 47 45 40 38 38 37 37 36 36 37 36 37 37 37 37 36 36 36 36 36 35 35 35 35 35 36 36 36 36 36 36 36 36 36 36 36 36 36 36 36 36 36 36 37 38 38 37 35 34 33 34 34 34 34 35 36 36
