maxent/maxent_rasters/bio13_precip_wettest_month.asc
ncols        1049
nrows        959
xllcorner    -124.500000000000
yllcorner    32.500000000000
cellsize     0.010000000000
NODATA_value -9999
[rows 430 to 472 of 959, columns 288 to 383 of 1049]
60 60 59 58 57 56 56 56 55 54 53 53 53 53 52 52 52 52 52 52 52 52 52 52 53 53 53 53 54 54 54 55 55 55 55 56 56 57 57 57 57 58 58 59 59 59 60 60 60 60 60 60 61 61 61 62 62 62 62 63 63 63 64 64 64 65 65 65 66 67 67 68 68 68 69 70 70 70 70 70 71 71 71 72 72 73 73 74 74 77 78 80 80 81 81 86
63 62 61 60 57 56 56 55 55 53 53 53 52 52 52 52 51 51 51 51 51 51 51 51 52 52 52 53 53 54 54 54 54 54 55 55 55 56 56 57 57 57 58 58 58 59 59 59 59 60 60 60 60 60 61 61 61 61 62 62 63 63 63 63 64 64 64 65 65 66 67 67 67 68 68 68 69 69 69 70 71 72 72 73 72 73 74 75 75 76 76 77 78 79 82 81
67 65 63 61 57 57 56 55 54 53 53 52 52 51 51 50 50 50 50 50 50 50 50 50 50 51 51 51 52 52 52 53 53 53 54 54 54 55 55 56 56 56 56 57 57 57 58 58 58 59 59 59 59 59 59 60 60 60 60 60 61 61 61 62 62 63 63 63 64 63 64 64 65 65 67 67 67 68 68 69 70 70 71 71 72 72 73 73 73 74 74 75 78 78 78 80
69 67 66 62 59 58 56 55 55 53 53 52 51 51 50 50 50 50 49 49 49 49 50 50 50 50 50 51 51 52 52 52 53 53 53 54 54 54 54 55 55 56 56 56 57 57 57 57 57 58 58 58 58 58 59 59 59 60 59 60 60 60 61 61 61 61 62 62 63 63 63 64 64 65 66 66 67 68 68 69 70 70 71 71 71 72 72 73 73 73 74 75 77 76 77 79
71 67 65 64 60 59 57 56 55 54 53 52 51 51 50 50 49 49 49 49 49 49 49 49 50 50 50 50 51 51 51 52 52 52 53 53 53 53 54 54 55 55 56 56 56 56 57 57 57 57 58 58 58 58 58 58 58 59 59 59 60 60 60 60 60 60 61 61 62 62 63 64 64 65 66 66 67 67 68 69 69 70 70 70 71 71 72 72 72 72 72 74 74 75 76 76
71 68 66 64 62 61 59 57 56 54 53 52 51 51 50 49 49 49 49 49 48 48 48 49 49 49 50 50 50 51 51 51 51 52 52 52 52 53 53 54 54 54 55 55 55 56 56 56 56 57 57 57 57 57 58 58 58 58 58 59 59 59 59 60 60 61 61 61 62 62 63 64 64 64 65 65 66 67 67 68 69 69 69 69 70 71 72 71 72 72 71 72 73 73 75 75
79 74 70 68 63 63 62 59 57 55 54 52 52 51 50 49 49 49 49 48 48 48 48 48 49 49 49 49 50 50 51 51 51 51 51 51 52 52 52 53 53 54 54 54 55 55 55 55 56 56 56 56 56 57 57 57 57 57 57 58 58 58 58 59 59 60 60 60 60 61 62 62 63 63 64 64 65 65 65 67 67 67 67 68 69 70 70 70 70 69 70 70 70 71 72 73
76 77 75 69 64 63 62 60 58 56 55 53 52 51 50 50 49 48 48 48 48 48 48 48 48 49 49 49 50 50 50 50 50 51 51 51 51 52 52 52 53 53 53 54 54 55 55 55 55 55 56 56 56 56 57 57 57 57 57 57 57 57 58 58 59 59 60 60 60 60 61 62 62 63 63 64 64 64 65 66 66 67 66 67 68 69 69 69 70 69 69 69 70 70 70 72
86 80 79 76 67 65 64 63 62 59 57 56 54 52 50 50 49 49 48 48 47 47 48 48 49 49 49 49 50 50 50 50 50 50 51 51 51 51 52 52 52 53 53 53 54 54 54 54 55 55 55 56 56 56 56 56 56 56 57 57 57 57 57 57 58 59 59 59 60 60 61 61 62 62 63 63 63 64 64 65 65 66 66 66 68 68 69 68 69 68 68 69 69 70 70 72
101 96 87 82 71 70 67 66 67 65 63 59 57 54 51 50 50 49 48 47 47 47 48 48 48 49 49 49 49 50 50 50 50 50 51 51 51 51 51 52 52 53 53 53 54 53 54 54 54 55 55 55 55 55 55 56 56 56 56 56 57 56 57 57 58 58 58 59 59 59 60 61 61 62 62 62 63 63 64 64 65 65 65 65 67 68 67 68 69 69 68 68 69 70 70 72
108 103 95 93 83 83 78 74 75 76 72 68 64 58 53 51 51 50 49 48 47 47 48 48 48 48 49 49 49 49 50 50 50 50 50 50 51 51 51 52 52 52 52 53 53 53 53 54 54 54 54 55 55 55 55 55 56 56 56 56 56 56 56 57 57 58 58 59 59 59 60 61 61 61 62 62 62 63 63 64 64 64 65 65 66 67 66 68 68 69 68 68 69 70 71 71
146 137 131 128 116 114 108 99 95 97 86 77 76 74 58 54 52 52 50 49 48 48 48 48 48 48 49 49 49 49 50 50 50 50 50 50 50 50 51 51 51 51 52 52 52 52 53 53 53 53 54 54 54 54 54 55 55 55 55 55 56 56 56 56 57 57 58 58 59 59 59 59 60 60 61 61 61 62 62 62 63 63 64 64 64 64 65 66 67 66 67 67 68 69 69 70
143 132 133 134 112 111 109 106 98 96 93 86 79 77 57 55 56 54 52 50 49 48 48 48 49 49 49 49 50 50 50 50 50 50 50 50 50 50 51 51 51 51 51 52 52 52 52 53 53 53 53 54 54 54 54 54 55 55 55 55 56 56 56 56 57 57 57 58 58 59 59 59 60 60 60 61 61 61 62 62 62 63 63 63 64 65 65 65 66 67 67 67 68 68 69 69
126 113 116 116 109 101 106 101 103 86 87 81 71 64 67 64 60 56 54 52 50 50 49 49 49 49 50 50 50 50 50 50 50 50 50 50 50 50 51 51 51 51 51 51 52 52 52 53 53 53 53 53 53 54 54 54 54 54 55 55 55 55 56 56 57 57 57 58 58 58 59 59 59 59 60 60 60 61 61 61 62 62 63 63 64 64 65 65 66 67 67 68 67 68 68 69
122 108 97 102 98 91 95 93 91 87 80 82 73 65 79 68 62 59 57 55 52 51 51 51 50 50 51 51 50 50 50 50 50 50 50 50 51 51 51 51 51 51 51 52 52 52 52 52 53 53 53 53 53 54 54 54 54 54 54 55 55 55 56 56 57 57 57 57 57 57 58 59 59 59 59 60 60 60 61 61 62 62 62 63 64 64 64 64 65 66 66 66 66 66 66 68
106 98 99 91 86 82 80 80 82 81 77 72 68 69 88 84 73 66 62 59 55 53 53 52 51 52 52 51 51 51 51 50 50 50 50 50 51 51 51 51 51 51 51 52 52 52 52 52 52 53 53 53 54 53 54 54 54 54 54 55 55 55 55 56 56 56 56 56 57 57 57 58 58 59 59 60 60 60 60 61 61 62 62 62 63 63 63 63 64 65 64 64 65 66 65 66
125 123 141 140 108 116 114 106 97 83 76 76 73 75 74 82 94 86 80 73 66 67 65 62 55 54 54 53 53 52 52 52 51 51 51 51 51 51 51 51 51 51 51 51 51 52 52 52 52 52 53 53 53 53 53 53 54 54 54 54 54 55 55 55 55 56 56 56 56 56 56 57 58 58 59 59 59 59 59 59 59 60 60 60 62 63 63 63 63 64 65 65 65 66 67 67
161 137 134 144 127 127 122 125 116 98 88 82 76 78 78 77 85 87 81 75 67 69 67 64 57 56 54 54 53 53 52 52 52 51 51 51 51 51 51 51 51 51 51 51 51 51 52 52 52 53 53 53 53 53 54 53 54 54 54 54 54 54 54 55 55 55 56 56 56 56 57 57 58 58 59 59 59 59 60 59 60 60 60 61 62 62 63 63 63 64 64 65 65 66 67 67
175 155 134 142 150 146 133 129 128 118 103 93 88 83 85 80 79 82 78 76 70 71 66 62 62 59 55 55 54 53 52 52 52 52 51 51 51 51 51 51 51 51 51 51 51 51 52 52 52 52 52 53 53 53 53 54 53 54 54 54 54 54 54 55 55 55 56 56 56 56 57 57 58 58 59 59 59 59 60 60 60 60 60 61 62 62 62 62 63 64 64 64 65 65 66 67
178 174 161 144 156 157 147 142 138 133 124 117 113 103 93 94 92 81 77 77 75 69 67 66 62 58 58 56 54 53 53 52 52 52 51 52 51 51 51 51 51 51 51 51 51 51 52 52 52 52 52 53 53 53 53 53 53 54 54 54 54 54 54 54 55 55 55 56 56 56 57 57 57 58 58 58 59 59 59 59 60 60 60 61 61 61 62 62 62 63 64 64 65 66 66 67
140 145 163 159 152 163 159 163 155 159 155 150 135 124 100 105 107 90 77 78 73 75 74 72 60 63 62 59 56 55 54 53 53 52 52 51 52 52 52 52 52 51 51 51 51 51 51 52 52 52 52 52 52 53 53 53 53 54 54 54 54 54 54 54 55 55 55 56 56 56 57 57 57 57 58 58 58 58 59 59 59 60 60 60 61 61 61 62 62 63 64 64 65 65 66 67
191 191 164 145 148 160 169 177 182 165 157 150 142 136 111 104 97 86 82 88 96 92 89 87 74 90 96 86 75 60 58 57 56 55 53 53 53 53 52 52 52 52 52 52 51 52 52 52 52 52 52 52 52 52 53 53 53 53 53 54 54 54 54 54 54 55 55 55 55 56 56 57 57 57 58 58 58 58 58 59 59 59 59 60 60 61 61 62 62 63 64 64 66 66 66 67
209 214 188 158 152 161 178 182 176 168 176 179 170 156 125 115 107 98 86 98 85 78 76 74 74 98 102 89 83 70 66 63 58 56 54 54 54 54 53 53 52 52 52 52 52 52 52 52 52 52 52 52 52 52 53 53 53 53 53 53 54 54 54 54 54 55 55 55 56 56 56 56 57 57 57 58 58 58 58 59 59 59 59 60 60 61 61 61 62 63 64 65 65 66 66 67
210 216 199 178 155 154 164 168 166 169 176 184 175 161 145 132 117 106 94 100 82 83 90 92 80 98 111 106 93 76 71 68 65 60 55 55 55 54 54 53 53 52 52 52 52 52 52 52 52 52 52 52 52 52 53 53 53 53 53 53 54 54 54 54 54 54 55 55 55 55 56 56 57 57 57 58 58 58 58 58 58 58 59 59 60 60 61 61 62 63 64 64 65 65 65 66
184 205 197 190 157 165 165 156 163 178 181 182 176 171 140 127 119 119 113 107 84 96 113 122 99 106 105 108 109 87 81 75 70 70 57 56 55 55 54 53 53 53 53 52 52 52 52 52 52 52 52 52 52 52 53 53 53 53 53 53 54 54 54 54 54 54 55 55 55 55 56 56 57 57 57 57 57 58 58 58 58 58 59 59 60 60 60 61 61 63 63 64 65 65 65 66
166 166 173 192 167 158 181 178 162 169 167 167 167 170 164 159 151 147 134 113 91 106 106 114 124 113 99 94 103 101 98 88 74 65 60 57 56 55 54 54 54 53 53 53 52 53 53 53 52 52 52 52 52 52 52 53 53 53 53 53 54 54 54 54 54 54 54 55 55 55 56 56 57 57 57 57 57 57 57 58 58 58 58 59 59 60 60 61 61 63 63 64 64 64 65 66
139 142 153 170 186 166 165 179 172 173 177 179 172 181 175 169 144 135 143 124 93 115 128 124 138 111 95 86 93 96 93 86 69 72 65 62 58 56 55 55 54 54 54 53 53 53 53 53 53 52 52 52 52 51 53 53 53 53 53 53 53 53 54 54 54 54 54 55 55 55 56 56 56 56 57 57 57 57 57 58 58 58 58 58 59 60 60 60 61 62 63 63 63 64 64 65
168 171 187 195 202 203 190 167 161 171 172 175 179 180 181 156 138 120 118 108 103 123 134 154 169 130 107 92 82 76 77 88 101 90 76 70 66 64 60 56 55 55 55 54 54 54 54 53 53 53 53 53 53 53 53 53 53 53 53 53 53 54 54 54 54 54 54 55 55 55 56 56 56 56 57 57 57 57 57 57 57 58 58 58 59 59 60 60 61 62 62 63 63 64 64 64
155 174 169 161 186 191 195 177 163 180 179 181 183 185 170 146 131 120 128 127 114 110 123 143 181 147 117 98 86 80 91 99 101 92 77 74 78 71 69 57 56 56 55 55 55 54 54 54 54 53 53 53 53 53 53 53 53 53 53 54 54 54 54 54 54 54 54 55 55 55 56 56 56 56 56 57 57 57 57 57 57 57 58 58 59 59 60 60 61 62 62 63 63 63 63 64
121 137 144 173 200 210 203 192 166 171 172 170 169 179 183 172 148 136 144 151 124 114 114 137 168 161 132 109 91 82 86 90 94 93 88 89 92 80 74 64 58 56 56 55 55 55 54 54 54 54 53 53 53 53 53 53 53 53 53 53 54 54 54 54 54 54 54 55 55 55 55 55 55 55 56 56 57 57 57 57 57 57 58 58 59 59 60 60 61 61 61 61 62 62 62 63
126 125 152 177 218 223 213 204 173 178 176 177 171 172 204 195 170 159 173 182 143 137 128 133 146 155 149 125 111 89 91 90 97 105 103 91 91 84 71 66 61 58 56 55 55 55 54 54 54 54 54 53 53 53 53 53 53 53 53 54 54 54 54 54 54 54 55 55 55 55 55 55 55 55 56 56 56 56 56 57 57 57 57 58 58 59 59 60 60 60 61 61 61 61 62 63
166 138 124 148 181 204 218 227 215 176 178 191 206 203 173 149 158 177 166 176 184 170 156 150 158 157 163 152 134 118 116 106 99 97 89 85 73 68 69 68 64 63 61 59 56 55 55 54 55 54 54 54 54 54 54 53 53 53 53 54 54 54 54 54 54 54 54 54 54 54 55 55 55 55 55 55 56 56 56 56 57 57 57 57 58 58 58 59 59 60 60 60 60 61 61 62
151 151 126 133 156 172 192 214 208 179 181 190 205 203 175 151 143 152 150 169 182 177 169 146 142 131 152 166 154 117 98 98 92 90 84 78 68 73 83 73 68 65 63 60 58 55 55 55 55 55 55 54 54 54 54 54 54 54 54 54 54 54 54 54 54 54 54 54 54 54 55 55 55 55 55 55 55 56 56 56 57 57 57 57 58 58 58 58 59 59 59 60 60 60 61 62
141 134 132 150 154 154 161 181 190 188 182 193 206 198 193 180 153 135 156 172 175 170 167 157 123 113 128 136 137 124 107 87 84 81 72 73 70 83 96 85 75 66 64 64 61 56 56 56 56 55 55 55 54 54 54 54 54 54 54 54 54 54 54 54 54 54 54 54 54 55 55 55 55 55 55 55 55 55 56 56 56 57 57 57 57 58 58 58 58 59 59 60 60 60 60 61
166 143 134 154 149 156 161 160 162 179 181 187 196 191 189 181 151 131 139 144 149 150 162 161 143 128 108 102 105 102 89 81 77 76 87 76 78 96 104 97 82 75 66 66 62 57 56 57 56 56 55 55 55 55 54 54 54 54 54 54 54 54 54 54 54 54 54 54 54 54 55 55 55 55 55 55 55 55 55 56 56 56 57 57 57 57 57 58 58 59 59 59 59 60 60 61
190 166 144 132 151 176 181 175 177 177 172 188 187 181 182 176 162 145 133 125 119 116 126 135 132 129 132 115 92 87 85 84 85 86 102 90 93 94 93 84 82 75 72 65 64 60 57 57 57 56 56 55 55 55 55 55 55 55 54 55 54 54 54 54 54 54 54 54 54 54 54 54 54 55 55 55 55 55 55 56 56 56 56 56 57 57 57 58 58 58 59 59 59 59 59 60
194 172 158 142 145 148 155 163 176 168 174 175 183 180 204 180 152 134 140 140 133 118 108 103 98 98 95 94 105 136 136 126 114 105 97 91 88 81 88 76 78 77 68 63 62 60 59 58 57 57 56 56 56 56 56 55 55 55 55 54 54 54 54 54 54 54 54 54 54 54 54 54 54 55 55 55 55 55 55 55 55 56 56 56 56 56 57 57 57 58 58 57 58 59 59 60
188 186 161 146 160 168 164 169 174 169 162 166 162 162 196 200 174 140 130 122 116 109 115 118 118 121 118 108 120 131 143 122 112 104 94 87 84 83 94 81 83 82 73 67 63 62 61 59 58 57 57 56 56 56 55 55 55 55 55 54 54 54 54 54 54 54 54 54 54 54 54 54 54 55 54 54 55 55 55 55 55 55 55 56 56 56 56 56 56 57 57 58 59 59 60 60
183 180 167 138 156 161 171 176 171 164 155 154 156 151 165 185 190 149 132 128 131 117 116 115 121 127 129 127 133 140 131 119 111 107 91 84 82 89 93 80 77 75 70 70 64 61 60 59 58 57 57 57 57 56 56 55 55 55 55 55 54 54 54 54 54 54 54 54 55 54 54 54 54 54 55 54 55 55 55 55 55 55 55 56 55 56 56 56 56 57 57 58 58 59 59 60
187 175 161 144 147 165 172 163 154 157 155 148 146 147 153 162 164 147 152 153 152 150 155 136 115 117 124 126 129 137 128 117 109 106 89 84 87 92 100 82 88 85 73 70 64 61 60 60 59 58 57 57 57 57 56 56 55 55 55 55 55 55 54 54 54 54 55 54 54 54 54 54 54 54 54 54 54 54 55 55 55 55 55 55 55 55 55 56 57 57 57 57 58 58 59 59
185 174 152 145 141 141 149 151 151 148 143 142 143 142 149 148 149 152 159 163 169 166 177 164 124 119 119 121 129 146 134 124 108 101 88 91 96 93 94 81 85 84 76 72 66 61 62 61 60 58 58 58 57 57 56 56 56 56 56 55 55 55 55 55 55 54 54 54 55 55 54 54 54 54 54 54 54 54 54 54 55 54 55 55 55 55 55 56 56 57 57 57 57 58 58 59
159 157 164 157 158 172 161 158 151 138 140 145 142 138 140 148 159 154 159 164 177 151 129 122 113 108 105 111 122 128 122 109 101 99 102 95 92 87 83 78 72 68 68 66 66 61 61 61 61 59 58 58 57 57 56 56 56 56 56 56 55 55 55 55 55 55 55 55 54 54 54 54 54 54 54 54 54 54 54 54 54 54 54 54 55 55 55 55 55 56 56 56 57 57 58 58
182 163 154 160 146 152 146 148 157 141 143 141 142 141 139 144 150 157 165 177 161 148 141 139 128 118 98 106 107 131 133 113 106 102 98 94 89 90 87 74 72 75 78 71 65 62 61 63 62 60 58 58 57 57 56 56 56 56 56 56 55 55 55 55 55 55 55 55 54 54 54 54 54 54 54 54 54 54 54 54 54 54 54 54 54 54 55 55 55 55 56 56 56 57 57 58
