maxent/maxent_rasters/bio13_precip_wettest_month.asc
ncols        1049
nrows        959
xllcorner    -124.500000000000
yllcorner    32.500000000000
cellsize     0.010000000000
NODATA_value -9999
[rows 344 to 386 of 959, columns 96 to 191 of 1049]
-9999 -9999 -9999 -9999 -9999 -9999 -9999 -9999 -9999 -9999 -9999 -9999 -9999 -9999 194 211 210 206 206 226 230 215 211 206 211 215 229 237 228 221 208 218 214 218 220 222 224 228 239 236 244 248 257 260 253 248 240 236 231 233 227 225 225 224 229 234 234 230 227 227 227 226 223 225 226 226 225 226 226 224 226 223 220 214 213 213 218 220 217 213 212 208 206 205 211 218 213 225 230 239 236 241 238 236 234 237
-9999 -9999 -9999 -9999 -9999 -9999 -9999 -9999 -9999 -9999 -9999 -9999 -9999 -9999 189 196 224 216 205 221 238 233 222 219 211 211 225 235 237 226 218 213 211 217 220 219 230 241 240 243 250 249 246 245 247 246 238 235 229 230 230 231 233 229 228 233 237 236 232 230 229 230 227 225 228 227 227 227 226 224 224 223 224 218 212 211 212 209 215 217 218 209 207 204 204 205 208 216 225 238 238 236 235 235 235 233
-9999 -9999 -9999 -9999 -9999 -9999 -9999 -9999 -9999 -9999 -9999 -9999 -9999 -9999 -9999 -9999 200 215 224 222 210 236 240 236 229 227 221 222 229 239 246 235 226 237 226 216 221 226 235 247 241 246 248 238 228 232 240 247 251 248 239 236 240 242 239 237 234 232 231 231 234 235 228 229 229 226 228 227 226 227 227 224 220 222 223 213 212 212 212 212 223 227 220 208 215 206 207 204 210 221 229 229 207 233 216 207
-9999 -9999 -9999 -9999 -9999 -9999 -9999 -9999 -9999 -9999 -9999 -9999 -9999 -9999 -9999 -9999 -9999 203 218 225 223 215 218 228 218 224 228 221 222 226 238 245 240 240 239 224 234 241 241 236 229 243 253 247 232 228 243 243 247 252 247 237 242 242 241 236 237 234 231 232 229 231 231 229 229 228 228 228 226 225 224 229 232 220 221 216 209 208 207 207 210 219 216 211 208 210 208 211 209 216 220 217 201 208 205 194
-9999 -9999 -9999 -9999 -9999 -9999 -9999 -9999 -9999 -9999 -9999 -9999 -9999 -9999 -9999 -9999 -9999 191 200 210 222 216 217 218 218 210 224 216 215 221 230 238 247 248 245 235 233 251 245 234 226 247 245 246 229 226 232 231 238 245 249 248 245 240 237 236 234 234 236 231 229 229 230 229 228 228 227 226 223 222 225 230 234 224 217 216 213 213 211 213 216 233 239 226 219 212 223 233 225 218 212 199 193 190 190 189
-9999 -9999 -9999 -9999 -9999 -9999 -9999 -9999 -9999 -9999 -9999 -9999 -9999 -9999 -9999 -9999 -9999 -9999 -9999 194 207 221 222 232 218 216 217 225 213 215 220 241 246 247 238 242 242 247 237 232 229 228 229 234 232 223 231 230 235 238 235 237 241 241 239 235 236 232 236 235 230 231 229 228 228 228 224 224 222 220 222 227 229 229 225 223 210 213 211 212 217 230 238 234 228 218 216 222 232 234 220 198 192 189 187 186
-9999 -9999 -9999 -9999 -9999 -9999 -9999 -9999 -9999 -9999 -9999 -9999 -9999 -9999 -9999 -9999 -9999 -9999 -9999 -9999 193 212 216 225 224 219 224 216 221 219 215 230 242 235 236 243 247 244 233 233 226 221 222 232 237 229 227 222 228 228 233 240 239 241 245 247 243 237 232 232 231 230 230 229 228 228 223 221 220 220 220 221 221 223 222 221 214 209 211 212 218 231 240 243 238 227 210 221 227 227 234 208 204 191 187 185
-9999 -9999 -9999 -9999 -9999 -9999 -9999 -9999 -9999 -9999 -9999 -9999 -9999 -9999 -9999 -9999 -9999 -9999 -9999 -9999 186 201 210 218 224 224 231 224 239 243 236 220 230 226 229 237 245 257 244 246 248 236 225 216 236 235 231 233 222 222 228 233 237 240 244 245 238 235 236 237 234 232 230 230 226 225 221 218 216 216 217 216 215 215 215 215 215 218 218 222 226 229 234 237 238 241 233 221 224 225 232 233 224 215 216 210
-9999 -9999 -9999 -9999 -9999 -9999 -9999 -9999 -9999 -9999 -9999 -9999 -9999 -9999 -9999 -9999 -9999 -9999 -9999 -9999 -9999 189 198 207 215 216 234 224 227 230 228 225 222 223 231 233 240 244 234 241 241 231 223 217 222 234 228 229 218 224 224 232 243 249 251 248 246 244 245 240 236 233 230 230 227 224 221 217 216 216 217 213 212 211 212 214 213 217 221 224 225 221 222 219 223 227 238 229 231 227 231 230 227 227 222 213
-9999 -9999 -9999 -9999 -9999 -9999 -9999 -9999 -9999 -9999 -9999 -9999 -9999 -9999 -9999 -9999 -9999 -9999 -9999 -9999 -9999 -9999 -9999 187 196 205 224 231 238 235 232 229 233 240 247 248 243 241 230 241 239 239 234 231 215 221 219 217 226 234 232 237 240 235 238 236 241 235 235 235 234 232 230 229 226 224 219 215 213 215 216 211 210 208 207 208 210 213 215 221 225 213 212 212 213 224 226 234 236 235 235 235 232 233 236 237
-9999 -9999 -9999 -9999 -9999 -9999 -9999 -9999 -9999 -9999 -9999 -9999 -9999 -9999 -9999 -9999 -9999 -9999 -9999 -9999 -9999 -9999 -9999 -9999 187 198 210 217 231 244 240 237 232 241 242 248 243 241 227 234 235 236 226 221 218 214 215 227 231 229 226 228 232 223 225 224 239 241 233 230 229 229 227 226 224 223 218 214 212 214 214 210 208 207 205 204 208 209 211 221 230 216 222 216 217 217 227 238 237 239 241 242 243 239 240 243
-9999 -9999 -9999 -9999 -9999 -9999 -9999 -9999 -9999 -9999 -9999 -9999 -9999 -9999 -9999 -9999 -9999 -9999 -9999 -9999 -9999 -9999 -9999 -9999 -9999 -9999 198 209 211 220 233 247 239 233 238 241 238 240 230 225 222 224 230 232 222 210 215 229 235 227 223 227 223 219 219 220 236 244 244 242 240 233 226 224 225 222 216 211 210 213 214 207 206 205 204 203 203 210 207 210 217 225 236 241 238 224 221 233 234 231 240 242 245 245 245 245
-9999 -9999 -9999 -9999 -9999 -9999 -9999 -9999 -9999 -9999 -9999 -9999 -9999 -9999 -9999 -9999 -9999 -9999 -9999 -9999 -9999 -9999 -9999 -9999 -9999 -9999 -9999 194 202 209 226 241 249 238 234 236 235 246 241 236 226 241 243 234 221 210 216 216 224 225 221 229 225 217 217 221 226 227 233 236 241 239 224 220 220 222 215 210 209 213 211 205 204 203 202 200 199 203 213 214 212 216 224 235 244 239 229 217 221 230 240 242 241 242 241 240
-9999 -9999 -9999 -9999 -9999 -9999 -9999 -9999 -9999 -9999 -9999 -9999 -9999 -9999 -9999 -9999 -9999 -9999 -9999 -9999 -9999 -9999 -9999 -9999 -9999 -9999 -9999 -9999 184 184 187 223 228 241 251 245 241 239 236 248 246 254 250 239 233 227 209 214 229 220 223 228 220 207 210 215 210 212 223 223 222 216 221 219 221 217 212 210 211 206 204 203 202 200 199 198 195 194 196 205 204 198 199 200 208 226 233 238 215 215 218 235 235 240 245 247
-9999 -9999 -9999 -9999 -9999 -9999 -9999 -9999 -9999 -9999 -9999 -9999 -9999 -9999 -9999 -9999 -9999 -9999 -9999 -9999 -9999 -9999 -9999 -9999 -9999 -9999 -9999 -9999 -9999 -9999 -9999 196 217 231 247 246 235 244 229 242 250 262 256 239 225 221 209 223 235 230 220 219 222 209 208 209 214 209 214 213 216 216 213 209 214 210 212 210 209 204 203 202 201 199 198 196 194 193 192 193 192 201 201 203 203 200 210 237 223 214 223 234 237 240 242 245
-9999 -9999 -9999 -9999 -9999 -9999 -9999 -9999 -9999 -9999 -9999 -9999 -9999 -9999 -9999 -9999 -9999 -9999 -9999 -9999 -9999 -9999 -9999 -9999 -9999 -9999 -9999 -9999 -9999 -9999 -9999 -9999 -9999 200 221 238 244 222 217 228 240 247 249 249 233 216 210 213 228 231 232 214 211 211 213 214 219 213 223 224 219 225 213 212 206 206 207 205 204 203 202 200 199 197 196 194 193 191 190 189 191 217 210 217 214 197 191 202 220 226 226 236 242 247 245 237
-9999 -9999 -9999 -9999 -9999 -9999 -9999 -9999 -9999 -9999 -9999 -9999 -9999 -9999 -9999 -9999 -9999 -9999 -9999 -9999 -9999 -9999 -9999 -9999 -9999 -9999 -9999 -9999 -9999 -9999 -9999 -9999 -9999 -9999 -9999 200 222 212 213 216 223 224 227 241 244 239 231 212 215 222 238 222 208 217 215 217 219 215 221 224 224 220 213 214 210 211 211 205 205 205 199 198 197 196 195 194 191 190 188 187 186 203 205 208 216 210 186 186 211 227 233 240 241 241 240 238
-9999 -9999 -9999 -9999 -9999 -9999 -9999 -9999 -9999 -9999 -9999 -9999 -9999 -9999 -9999 -9999 -9999 -9999 -9999 -9999 -9999 -9999 -9999 -9999 -9999 -9999 -9999 -9999 -9999 -9999 -9999 -9999 -9999 -9999 -9999 -9999 -9999 197 197 215 227 235 229 229 225 218 219 214 209 208 218 213 209 207 217 218 224 224 221 222 223 220 211 209 209 206 210 210 206 201 197 196 195 194 193 192 189 187 185 183 182 183 186 186 189 195 180 177 178 182 186 202 203 218 232 236
-9999 -9999 -9999 -9999 -9999 -9999 -9999 -9999 -9999 -9999 -9999 -9999 -9999 -9999 -9999 -9999 -9999 -9999 -9999 -9999 -9999 -9999 -9999 -9999 -9999 -9999 -9999 -9999 -9999 -9999 -9999 -9999 -9999 -9999 -9999 -9999 -9999 -9999 -9999 203 209 226 226 225 213 212 215 207 205 202 209 231 211 220 217 220 234 231 228 224 221 221 212 207 204 206 206 206 204 201 196 194 194 193 191 189 187 186 184 182 181 178 180 179 188 189 177 178 178 178 180 187 202 213 222 223
-9999 -9999 -9999 -9999 -9999 -9999 -9999 -9999 -9999 -9999 -9999 -9999 -9999 -9999 -9999 -9999 -9999 -9999 -9999 -9999 -9999 -9999 -9999 -9999 -9999 -9999 -9999 -9999 -9999 -9999 -9999 -9999 -9999 -9999 -9999 -9999 -9999 -9999 -9999 -9999 195 208 210 219 206 212 232 214 201 207 217 235 223 214 221 231 230 230 230 224 221 215 215 213 204 204 203 204 201 198 196 194 192 191 189 188 185 184 182 181 180 177 177 176 175 181 175 180 177 185 184 179 184 198 205 217
-9999 -9999 -9999 -9999 -9999 -9999 -9999 -9999 -9999 -9999 -9999 -9999 -9999 -9999 -9999 -9999 -9999 -9999 -9999 -9999 -9999 -9999 -9999 -9999 -9999 -9999 -9999 -9999 -9999 -9999 -9999 -9999 -9999 -9999 -9999 -9999 -9999 -9999 -9999 -9999 -9999 197 198 210 200 202 210 206 212 215 215 241 238 220 215 217 219 229 232 227 223 218 211 211 205 202 202 205 202 196 193 191 190 189 188 186 184 182 181 180 178 177 175 174 174 173 173 174 176 193 210 189 182 182 187 193
-9999 -9999 -9999 -9999 -9999 -9999 -9999 -9999 -9999 -9999 -9999 -9999 -9999 -9999 -9999 -9999 -9999 -9999 -9999 -9999 -9999 -9999 -9999 -9999 -9999 -9999 -9999 -9999 -9999 -9999 -9999 -9999 -9999 -9999 -9999 -9999 -9999 -9999 -9999 -9999 -9999 201 202 198 201 202 207 217 228 231 231 241 243 234 221 225 215 222 229 229 226 219 210 208 205 203 199 203 203 197 192 190 190 188 187 186 183 181 180 178 177 176 175 173 172 173 172 172 178 192 208 216 197 183 180 181
-9999 -9999 -9999 -9999 -9999 -9999 -9999 -9999 -9999 -9999 -9999 -9999 -9999 -9999 -9999 -9999 -9999 -9999 -9999 -9999 -9999 -9999 -9999 -9999 -9999 -9999 -9999 -9999 -9999 -9999 -9999 -9999 -9999 -9999 -9999 -9999 -9999 -9999 -9999 -9999 -9999 -9999 197 202 214 225 221 218 215 209 210 222 224 233 242 244 238 229 223 228 229 228 219 211 207 210 198 198 199 198 195 188 188 187 186 184 181 180 178 176 175 173 172 171 172 182 194 174 180 205 218 234 235 229 213 201
-9999 -9999 -9999 -9999 -9999 -9999 -9999 -9999 -9999 -9999 -9999 -9999 -9999 -9999 -9999 -9999 -9999 -9999 -9999 -9999 -9999 -9999 -9999 -9999 -9999 -9999 -9999 -9999 -9999 -9999 -9999 -9999 -9999 -9999 -9999 -9999 -9999 -9999 -9999 -9999 -9999 -9999 -9999 -9999 206 220 238 236 233 227 225 223 231 237 236 235 239 236 229 227 230 227 220 216 211 213 201 197 199 197 195 187 186 186 184 183 180 178 176 175 174 172 170 170 176 189 203 187 177 185 207 242 236 229 227 223
-9999 -9999 -9999 -9999 -9999 -9999 -9999 -9999 -9999 -9999 -9999 -9999 -9999 -9999 -9999 -9999 -9999 -9999 -9999 -9999 -9999 -9999 -9999 -9999 -9999 -9999 -9999 -9999 -9999 -9999 -9999 -9999 -9999 -9999 -9999 -9999 -9999 -9999 -9999 -9999 -9999 -9999 -9999 -9999 201 214 235 233 226 237 239 238 235 230 235 235 235 230 229 227 229 229 224 219 214 212 203 197 195 196 195 188 186 185 183 182 179 178 177 174 173 170 169 168 177 203 227 216 188 183 184 212 218 229 224 213
-9999 -9999 -9999 -9999 -9999 -9999 -9999 -9999 -9999 -9999 -9999 -9999 -9999 -9999 -9999 -9999 -9999 -9999 -9999 -9999 -9999 -9999 -9999 -9999 -9999 -9999 -9999 -9999 -9999 -9999 -9999 -9999 -9999 -9999 -9999 -9999 -9999 -9999 -9999 -9999 -9999 -9999 -9999 -9999 -9999 202 212 223 219 233 227 232 225 232 241 238 234 230 228 229 220 218 225 216 209 205 199 201 198 194 197 189 186 184 182 181 179 177 176 174 173 170 168 167 169 190 219 228 209 192 186 189 192 216 220 206
-9999 -9999 -9999 -9999 -9999 -9999 -9999 -9999 -9999 -9999 -9999 -9999 -9999 -9999 -9999 -9999 -9999 -9999 -9999 -9999 -9999 -9999 -9999 -9999 -9999 -9999 -9999 -9999 -9999 -9999 -9999 -9999 -9999 -9999 -9999 -9999 -9999 -9999 -9999 -9999 -9999 -9999 -9999 -9999 -9999 -9999 205 210 212 226 222 218 222 236 227 230 235 234 226 221 215 213 217 220 214 204 204 210 203 195 198 192 187 184 182 181 178 176 176 174 172 169 168 167 167 174 199 229 222 210 197 189 190 198 211 200
-9999 -9999 -9999 -9999 -9999 -9999 -9999 -9999 -9999 -9999 -9999 -9999 -9999 -9999 -9999 -9999 -9999 -9999 -9999 -9999 -9999 -9999 -9999 -9999 -9999 -9999 -9999 -9999 -9999 -9999 -9999 -9999 -9999 -9999 -9999 -9999 -9999 -9999 -9999 -9999 -9999 -9999 -9999 -9999 -9999 -9999 203 215 228 228 223 213 211 213 216 222 225 221 219 220 215 218 204 212 215 215 211 206 199 203 198 195 193 189 184 181 177 176 175 173 171 168 167 166 164 163 164 170 180 198 202 200 207 212 212 219
-9999 -9999 -9999 -9999 -9999 -9999 -9999 -9999 -9999 -9999 -9999 -9999 -9999 -9999 -9999 -9999 -9999 -9999 -9999 -9999 -9999 -9999 -9999 -9999 -9999 -9999 -9999 -9999 -9999 -9999 -9999 -9999 -9999 -9999 -9999 -9999 -9999 -9999 -9999 -9999 -9999 -9999 -9999 -9999 -9999 -9999 -9999 209 210 211 207 205 210 209 211 211 217 212 216 211 209 208 207 213 211 215 215 207 204 208 204 198 192 188 184 181 178 176 174 173 171 168 167 166 164 163 163 165 167 179 197 214 221 227 232 236
-9999 -9999 -9999 -9999 -9999 -9999 -9999 -9999 -9999 -9999 -9999 -9999 -9999 -9999 -9999 -9999 -9999 -9999 -9999 -9999 -9999 -9999 -9999 -9999 -9999 -9999 -9999 -9999 -9999 -9999 -9999 -9999 -9999 -9999 -9999 -9999 -9999 -9999 -9999 -9999 -9999 -9999 -9999 -9999 -9999 -9999 -9999 200 207 215 207 210 212 209 205 203 206 203 206 203 206 204 202 201 204 211 221 217 209 212 201 193 190 186 184 185 178 178 174 173 171 169 167 166 165 164 163 163 165 174 194 221 235 243 247 253
-9999 -9999 -9999 -9999 -9999 -9999 -9999 -9999 -9999 -9999 -9999 -9999 -9999 -9999 -9999 -9999 -9999 -9999 -9999 -9999 -9999 -9999 -9999 -9999 -9999 -9999 -9999 -9999 -9999 -9999 -9999 -9999 -9999 -9999 -9999 -9999 -9999 -9999 -9999 -9999 -9999 -9999 -9999 -9999 -9999 -9999 -9999 200 202 210 217 221 219 212 213 209 202 201 202 205 213 212 197 202 208 208 218 226 219 214 208 191 188 190 189 186 181 178 178 173 171 169 167 166 165 164 163 163 168 173 186 214 229 238 246 255
-9999 -9999 -9999 -9999 -9999 -9999 -9999 -9999 -9999 -9999 -9999 -9999 -9999 -9999 -9999 -9999 -9999 -9999 -9999 -9999 -9999 -9999 -9999 -9999 -9999 -9999 -9999 -9999 -9999 -9999 -9999 -9999 -9999 -9999 -9999 -9999 -9999 -9999 -9999 -9999 -9999 -9999 -9999 -9999 -9999 -9999 -9999 200 200 204 209 222 216 218 212 214 207 207 208 209 204 203 202 205 198 203 203 204 208 199 202 195 195 189 193 191 183 181 179 175 172 169 168 166 165 164 164 164 166 169 178 207 224 234 244 253
-9999 -9999 -9999 -9999 -9999 -9999 -9999 -9999 -9999 -9999 -9999 -9999 -9999 -9999 -9999 -9999 -9999 -9999 -9999 -9999 -9999 -9999 -9999 -9999 -9999 -9999 -9999 -9999 -9999 -9999 -9999 -9999 -9999 -9999 -9999 -9999 -9999 -9999 -9999 -9999 -9999 -9999 -9999 -9999 -9999 -9999 -9999 200 -9999 -9999 199 207 205 212 214 207 201 198 198 202 197 196 194 197 193 193 193 194 194 189 193 195 197 189 194 193 187 182 184 185 178 175 170 168 166 164 163 163 165 166 171 198 211 226 235 243
-9999 -9999 -9999 -9999 -9999 -9999 -9999 -9999 -9999 -9999 -9999 -9999 -9999 -9999 -9999 -9999 -9999 -9999 -9999 -9999 -9999 -9999 -9999 -9999 -9999 -9999 -9999 -9999 -9999 -9999 -9999 -9999 -9999 -9999 -9999 -9999 -9999 -9999 -9999 -9999 -9999 -9999 -9999 -9999 -9999 -9999 -9999 201 -9999 198 198 204 209 214 207 202 197 199 199 198 195 195 194 193 192 193 190 190 189 190 195 186 186 195 207 204 198 192 190 183 179 182 177 172 167 164 162 161 161 162 167 191 202 212 225 233
-9999 -9999 -9999 -9999 -9999 -9999 -9999 -9999 -9999 -9999 -9999 -9999 -9999 -9999 -9999 -9999 -9999 -9999 -9999 -9999 -9999 -9999 -9999 -9999 -9999 -9999 -9999 -9999 -9999 -9999 -9999 -9999 -9999 -9999 -9999 -9999 -9999 -9999 -9999 -9999 -9999 -9999 -9999 -9999 -9999 -9999 -9999 201 -9999 -9999 -9999 -9999 201 210 203 201 204 207 201 200 202 201 200 197 195 200 199 198 197 191 187 189 194 194 199 193 190 196 199 190 182 178 178 176 174 165 162 160 160 160 163 182 186 194 208 217
-9999 -9999 -9999 -9999 -9999 -9999 -9999 -9999 -9999 -9999 -9999 -9999 -9999 -9999 -9999 -9999 -9999 -9999 -9999 -9999 -9999 -9999 -9999 -9999 -9999 -9999 -9999 -9999 -9999 -9999 -9999 -9999 -9999 -9999 -9999 -9999 -9999 -9999 -9999 -9999 -9999 -9999 -9999 -9999 -9999 -9999 -9999 -9999 -9999 -9999 -9999 -9999 -9999 -9999 204 211 210 211 206 207 211 206 206 207 200 204 202 204 204 201 197 193 192 189 188 187 196 189 186 183 179 175 172 172 178 172 165 159 158 158 161 169 178 185 192 201
-9999 -9999 -9999 -9999 -9999 -9999 -9999 -9999 -9999 -9999 -9999 -9999 -9999 -9999 -9999 -9999 -9999 -9999 -9999 -9999 -9999 -9999 -9999 -9999 -9999 -9999 -9999 -9999 -9999 -9999 -9999 -9999 -9999 -9999 -9999 -9999 -9999 -9999 -9999 -9999 -9999 -9999 -9999 -9999 -9999 -9999 -9999 -9999 -9999 -9999 -9999 -9999 -9999 -9999 -9999 211 216 217 206 204 205 205 202 204 200 200 199 197 196 197 196 201 200 189 184 188 188 182 179 177 173 177 172 166 165 169 165 157 158 158 160 166 167 172 178 190
-9999 -9999 -9999 -9999 -9999 -9999 -9999 -9999 -9999 -9999 -9999 -9999 -9999 -9999 -9999 -9999 -9999 -9999 -9999 -9999 -9999 -9999 -9999 -9999 -9999 -9999 -9999 -9999 -9999 -9999 -9999 -9999 -9999 -9999 -9999 -9999 -9999 -9999 -9999 -9999 -9999 -9999 -9999 -9999 -9999 -9999 -9999 -9999 -9999 -9999 -9999 -9999 -9999 -9999 -9999 204 210 209 204 198 201 202 200 198 195 195 195 193 193 195 195 191 196 189 184 187 183 178 178 182 176 177 173 168 164 162 160 159 158 157 157 159 164 165 169 175
-9999 -9999 -9999 -9999 -9999 -9999 -9999 -9999 -9999 -9999 -9999 -9999 -9999 -9999 -9999 -9999 -9999 -9999 -9999 -9999 -9999 -9999 -9999 -9999 -9999 -9999 -9999 -9999 -9999 -9999 -9999 -9999 -9999 -9999 -9999 -9999 -9999 -9999 -9999 -9999 -9999 -9999 -9999 -9999 -9999 -9999 -9999 -9999 -9999 -9999 -9999 -9999 -9999 -9999 -9999 -9999 207 209 207 202 204 199 201 202 197 195 195 191 191 190 188 187 186 184 183 183 184 184 182 181 189 175 170 168 165 163 163 158 156 154 153 152 152 151 152 160
-9999 -9999 -9999 -9999 -9999 -9999 -9999 -9999 -9999 -9999 -9999 -9999 -9999 -9999 -9999 -9999 -9999 -9999 -9999 -9999 -9999 -9999 -9999 -9999 -9999 -9999 -9999 -9999 -9999 -9999 -9999 -9999 -9999 -9999 -9999 -9999 -9999 -9999 -9999 -9999 -9999 -9999 -9999 -9999 -9999 -9999 -9999 -9999 -9999 -9999 -9999 -9999 -9999 -9999 -9999 -9999 -9999 209 213 213 208 204 206 204 205 206 206 197 193 194 192 187 186 188 187 183 181 183 182 185 189 188 177 170 167 165 163 163 159 155 154 151 150 149 149 152
-9999 -9999 -9999 -9999 -9999 -9999 -9999 -9999 -9999 -9999 -9999 -9999 -9999 -9999 -9999 -9999 -9999 -9999 -9999 -9999 -9999 -9999 -9999 -9999 -9999 -9999 -9999 -9999 -9999 -9999 -9999 -9999 -9999 -9999 -9999 -9999 -9999 -9999 -9999 -9999 -9999 -9999 -9999 -9999 -9999 -9999 -9999 -9999 -9999 -9999 -9999 -9999 -9999 -9999 -9999 -9999 -9999 202 208 213 215 212 200 198 197 198 200 204 205 201 198 193 191 196 193 186 184 184 186 187 188 193 183 173 171 167 165 166 162 157 154 151 150 149 149 150
-9999 -9999 -9999 -9999 -9999 -9999 -9999 -9999 -9999 -9999 -9999 -9999 -9999 -9999 -9999 -9999 -9999 -9999 -9999 -9999 -9999 -9999 -9999 -9999 -9999 -9999 -9999 -9999 -9999 -9999 -9999 -9999 -9999 -9999 -9999 -9999 -9999 -9999 -9999 -9999 -9999 -9999 -9999 -9999 -9999 -9999 -9999 -9999 -9999 -9999 -9999 -9999 -9999 -9999 -9999 202 -9999 199 203 210 211 214 200 200 204 204 208 212 210 209 209 200 198 203 202 193 186 192 192 191 186 192 190 183 177 171 168 169 165 160 155 152 151 150 149 150
-9999 -9999 -9999 -9999 -9999 -9999 -9999 -9999 -9999 -9999 -9999 -9999 -9999 -9999 -9999 -9999 -9999 -9999 -9999 -9999 -9999 -9999 -9999 -9999 -9999 -9999 -9999 -9999 -9999 -9999 -9999 -9999 -9999 -9999 -9999 -9999 -9999 -9999 -9999 -9999 -9999 -9999 -9999 -9999 -9999 -9999 -9999 -9999 -9999 -9999 -9999 -9999 -9999 -9999 -9999 -9999 204 -9999 -9999 199 204 206 210 202 205 204 206 209 211 203 205 197 201 210 203 216 209 196 188 188 187 184 184 186 193 192 185 184 180 168 164 167 165 155 153 152
