maxent/maxent_rasters/bio18_precip_warmest.asc
ncols        1049
nrows        959
xllcorner    -124.500000000000
yllcorner    32.500000000000
cellsize     0.010000000000
NODATA_value -9999
[rows 564 to 610 of 959, columns 672 to 767 of 1049]
30 43 46 46 46 32 32 32 32 29 29 28 28 29 29 29 29 29 29 29 29 28 27 26 25 21 19 19 17 16 16 15 15 15 15 15 15 15 19 23 33 35 35 35 35 48 39 36 35 32 29 29 26 25 25 27 29 26 26 29 29 33 35 37 37 37 35 34 34 33 30 23 21 18 16 15 13 13 12 11 10 8 8 8 8 8 8 8 8 8 8 8 8 10 10 10
30 43 46 47 46 42 32 32 30 29 28 28 28 28 29 29 29 29 29 29 27 27 27 25 25 21 19 18 17 15 15 15 14 14 14 14 14 15 19 22 30 35 45 37 35 50 50 36 35 35 30 29 28 26 29 29 31 29 26 29 31 35 37 38 38 38 38 38 37 33 25 23 20 18 17 14 13 13 12 12 11 9 8 8 8 8 8 8 8 8 8 8 8 10 10 10
30 41 45 46 46 43 32 32 29 29 28 28 28 28 28 29 28 27 27 27 27 27 25 24 23 23 21 19 16 14 14 14 14 14 13 13 14 14 16 19 24 29 32 34 35 50 50 47 46 35 30 30 31 31 35 33 32 32 31 29 31 37 37 38 38 39 39 39 39 37 26 23 21 19 18 15 14 13 13 13 11 10 8 8 8 8 8 8 8 8 8 8 8 8 10 10
30 30 41 43 46 45 42 32 29 28 28 28 28 27 28 29 28 27 27 27 27 25 25 25 25 23 21 17 15 14 14 14 14 13 13 13 13 14 15 16 21 23 27 29 33 45 45 35 36 36 31 32 32 35 37 37 35 35 33 31 31 33 35 37 37 37 37 37 38 38 27 25 23 22 18 16 15 14 13 13 11 10 8 8 8 8 8 8 8 8 8 8 8 8 10 10
27 27 29 31 43 43 42 42 29 28 28 28 27 27 27 27 27 27 27 27 25 26 27 27 25 23 19 17 14 13 13 13 13 13 13 13 13 13 14 15 16 21 22 26 31 33 33 31 32 35 32 35 36 38 41 41 38 35 33 33 33 33 34 35 34 35 37 37 37 37 28 26 25 25 20 17 16 15 15 13 9 8 8 8 8 8 8 8 8 8 8 8 8 8 8 14
26 27 28 38 41 43 31 29 29 28 28 27 27 27 27 27 27 27 27 26 26 27 27 27 23 19 17 15 14 13 13 13 13 13 13 13 13 14 14 14 15 16 21 25 27 29 29 29 32 33 33 36 39 51 51 42 38 38 37 35 34 33 34 34 34 34 37 37 37 34 28 25 25 23 22 18 18 17 16 15 10 8 8 8 8 8 8 8 8 8 8 8 8 8 8 15
25 27 28 30 41 32 31 29 29 28 28 28 27 27 27 27 27 27 26 25 25 27 27 27 25 21 19 16 14 13 13 13 13 13 13 13 13 14 14 14 15 16 17 23 24 24 27 29 31 32 33 37 39 53 52 54 41 41 38 37 37 34 33 33 34 34 35 37 37 34 31 28 29 28 23 20 23 20 18 15 10 8 8 8 8 8 8 8 8 8 8 8 8 8 10 13
25 25 25 25 27 28 29 28 26 26 28 28 28 27 27 27 27 27 28 27 25 27 27 26 24 20 17 16 14 14 14 14 14 14 14 14 13 13 14 14 15 15 16 19 21 23 24 24 29 29 32 36 37 37 41 54 52 43 42 41 41 37 35 34 34 34 34 34 37 37 37 38 38 33 30 28 23 20 18 16 13 11 10 8 8 8 8 8 8 8 8 8 8 8 8 10
24 25 25 25 25 26 29 27 26 26 28 29 28 27 27 27 27 27 28 27 25 25 25 22 21 19 17 16 16 15 14 14 14 14 14 14 14 14 14 14 15 16 16 18 19 21 22 24 26 29 31 32 36 37 39 52 52 53 42 41 41 37 35 34 34 34 34 34 37 37 37 38 40 38 37 27 25 23 18 16 15 14 13 8 8 8 8 8 8 8 8 8 8 8 8 10
24 25 25 25 25 26 26 26 26 26 27 29 29 27 27 27 27 27 29 28 25 24 23 23 22 21 19 17 16 16 14 14 14 14 14 14 14 14 14 14 15 16 16 18 18 21 22 24 25 27 31 35 39 39 39 51 42 42 41 41 41 38 36 34 34 34 34 37 38 39 40 40 43 40 36 34 30 28 23 20 18 16 13 9 8 8 8 8 8 8 8 8 8 8 8 11
25 25 25 25 25 25 25 25 26 26 26 29 29 27 28 28 28 28 28 27 26 25 24 24 22 20 19 18 16 16 14 14 14 14 14 14 14 14 14 14 14 15 16 18 18 21 22 24 25 29 32 35 38 36 38 49 41 41 41 41 41 38 37 34 34 34 37 38 40 44 40 39 39 37 32 31 26 25 20 20 16 15 13 10 9 8 8 8 8 8 8 8 8 8 8 10
25 25 25 25 25 25 25 26 26 26 28 29 27 27 28 28 28 28 28 27 26 24 23 22 21 19 19 16 16 16 14 14 14 14 14 14 14 14 14 14 14 15 16 16 18 21 22 24 26 29 31 33 35 36 37 49 39 38 38 38 37 37 36 36 34 37 38 39 40 44 38 34 34 34 31 30 28 25 20 18 15 13 13 10 10 9 8 8 8 8 8 8 8 8 8 9
25 25 25 25 25 25 26 26 27 26 29 27 28 29 29 28 28 29 30 29 26 24 23 22 22 19 19 20 22 21 18 16 16 14 14 14 14 14 14 14 14 14 14 16 16 20 21 22 24 26 30 32 33 35 36 38 38 36 35 34 34 34 36 38 38 40 40 40 40 40 37 34 31 27 27 26 24 20 20 20 18 15 13 13 12 10 8 8 8 8 8 8 8 8 8 8
25 25 25 25 25 25 26 27 29 28 29 29 29 29 29 28 28 29 29 28 26 24 23 22 22 22 21 23 24 22 19 18 16 15 14 14 14 14 14 14 14 14 14 15 16 18 19 21 23 26 30 30 32 32 33 36 36 36 34 32 34 34 36 37 38 43 44 44 57 55 34 32 30 28 32 32 28 24 20 18 15 14 14 13 12 10 9 8 8 8 8 8 8 8 8 8
25 25 25 25 25 25 26 26 29 29 29 29 29 29 29 28 28 29 29 28 26 24 23 22 22 22 22 27 28 25 22 19 16 16 16 14 14 14 14 14 14 14 14 14 16 17 18 19 22 24 27 30 32 33 35 36 36 35 32 32 32 34 34 34 37 40 42 44 59 57 38 36 33 32 36 36 32 25 23 23 16 15 13 13 12 10 9 8 8 8 8 8 8 8 8 8
27 26 26 26 26 26 26 26 26 29 29 29 29 29 29 27 28 29 30 28 25 24 24 22 22 22 24 27 30 28 24 21 18 18 17 16 14 14 14 14 14 14 14 14 15 16 17 18 21 22 27 30 30 32 33 34 35 33 32 32 32 34 34 35 37 40 43 44 59 60 44 40 36 35 41 40 34 28 27 24 16 15 14 13 10 10 8 8 8 8 8 8 8 8 8 8
27 27 26 26 26 26 26 26 26 29 29 29 29 29 29 27 27 28 30 28 25 24 24 22 22 24 24 27 29 29 24 23 20 21 19 16 16 14 14 14 14 14 14 14 14 16 16 18 18 22 26 30 30 32 32 32 32 31 30 31 32 34 36 38 39 44 56 61 67 66 58 40 38 40 52 41 36 34 32 26 17 14 13 12 10 10 8 8 8 8 8 8 8 8 8 8
27 27 27 27 26 26 26 26 26 29 30 29 30 30 29 27 27 27 28 28 26 24 24 22 22 24 25 27 28 28 24 22 21 20 19 16 16 15 14 14 14 14 14 14 14 16 16 16 18 20 24 27 30 30 30 30 30 30 30 30 31 34 36 38 38 55 61 67 65 67 65 46 46 45 61 40 34 32 28 26 17 14 13 12 10 10 8 8 8 8 8 8 8 8 8 8
29 28 31 31 29 28 28 27 28 29 29 29 30 29 29 27 26 26 26 27 28 24 24 22 24 25 28 30 31 29 28 28 25 22 20 17 17 16 16 16 14 14 14 14 14 16 16 16 17 18 21 22 24 24 26 26 27 29 30 30 30 31 32 32 34 38 41 42 56 60 61 64 61 44 40 33 34 30 26 23 20 18 16 14 13 12 10 8 8 8 8 8 8 8 8 8
31 31 31 32 31 29 28 29 29 29 29 29 30 29 28 26 26 26 26 26 27 25 24 24 24 27 28 31 32 31 32 30 25 22 20 18 17 16 16 16 14 14 14 14 14 16 16 16 16 18 19 21 21 22 24 25 28 32 34 34 32 32 32 33 34 37 38 40 44 45 61 66 59 44 39 34 30 28 26 25 18 17 16 14 13 12 10 8 8 8 8 8 8 8 8 8
31 31 31 31 33 33 30 29 29 29 29 30 30 29 28 26 26 26 26 26 26 25 24 24 24 28 28 32 32 32 30 28 24 24 22 21 17 17 16 16 14 14 14 14 14 16 16 16 17 18 18 19 19 20 22 26 30 32 34 36 38 34 34 35 35 38 41 43 44 46 60 66 65 58 55 50 36 34 31 26 20 18 16 14 13 12 10 9 8 8 8 8 8 8 8 8
31 31 31 32 33 46 33 32 30 30 30 30 29 29 28 26 26 26 26 26 25 24 24 24 24 28 30 32 32 32 29 28 24 22 21 20 17 17 16 16 15 14 14 14 14 14 16 16 16 17 18 18 18 19 22 27 30 32 34 36 39 39 39 39 39 39 44 58 62 63 63 65 58 55 55 52 37 30 28 24 18 18 16 15 13 12 10 9 8 8 8 8 8 8 8 8
31 31 32 45 48 48 48 46 33 30 30 30 29 29 28 27 26 26 26 26 25 25 24 24 24 28 29 32 36 36 32 30 28 26 25 22 16 16 16 16 15 15 14 14 14 14 16 16 16 16 17 18 18 18 19 25 27 28 29 29 32 34 38 39 44 48 59 65 74 83 75 63 58 43 39 34 36 36 31 28 22 20 18 15 14 13 10 10 9 8 8 8 8 8 8 8
31 32 33 47 49 51 51 48 45 32 30 30 30 29 28 27 26 26 26 26 26 25 25 24 24 28 29 32 45 34 28 28 26 26 26 22 16 16 16 16 15 15 14 14 14 14 14 16 16 16 16 17 17 18 19 22 24 26 29 32 33 37 38 39 42 46 60 67 79 82 69 63 60 44 40 32 28 30 28 24 19 18 16 15 14 13 10 10 9 8 8 8 8 8 8 8
32 33 44 47 49 51 52 50 45 33 30 30 30 30 29 28 28 28 28 26 25 25 25 25 25 28 30 33 46 45 30 28 24 23 24 22 17 17 16 16 16 15 14 14 14 14 14 14 16 16 16 16 17 16 18 22 24 26 28 32 32 38 38 42 44 61 65 71 82 79 46 44 44 40 34 29 28 26 24 21 19 18 16 16 14 13 10 10 9 8 8 8 8 8 8 8
44 44 45 47 48 51 51 48 45 33 33 30 30 30 30 28 28 28 26 26 26 25 25 25 25 28 30 34 48 36 30 28 26 24 22 21 18 17 17 16 16 16 14 14 14 14 14 14 14 15 16 16 16 16 17 19 22 24 25 26 27 32 34 38 39 46 58 65 74 80 58 43 40 36 34 34 34 28 24 24 23 20 16 15 14 13 10 10 9 8 8 8 8 8 8 8
43 44 44 46 48 49 48 48 45 45 33 30 30 30 30 28 28 28 28 28 26 25 25 25 25 28 29 32 48 45 30 28 25 24 22 22 18 17 17 16 16 16 14 14 14 14 14 14 14 14 15 16 16 16 16 18 19 23 24 26 28 35 38 42 41 44 56 63 70 82 66 58 44 40 34 28 28 26 26 28 26 20 17 16 14 13 10 9 8 8 8 8 8 8 8 8
31 42 42 44 45 48 48 48 45 47 44 30 30 30 30 30 30 30 30 30 28 26 25 25 25 28 29 32 47 53 34 31 28 25 24 23 18 17 17 16 16 15 14 14 14 14 14 14 14 14 14 14 14 14 15 16 16 19 21 24 28 38 39 51 42 58 64 74 88 96 74 66 57 55 40 38 38 34 30 26 22 19 17 16 14 13 10 10 9 8 8 8 8 8 8 8
28 30 31 42 44 45 45 46 45 44 44 30 30 30 30 30 30 30 30 28 28 26 25 25 26 28 29 32 45 56 45 32 30 28 25 23 19 17 16 16 16 15 14 14 14 14 14 14 14 14 14 14 14 14 14 14 14 16 19 24 28 33 35 35 38 44 61 70 76 85 71 60 57 60 57 52 37 31 28 26 20 18 18 16 14 14 10 10 9 8 8 8 8 8 8 8
28 28 29 31 42 43 45 45 44 43 32 30 30 30 30 30 30 29 28 28 27 26 26 26 28 28 29 32 45 53 48 34 31 28 27 25 22 18 16 16 15 15 14 14 14 14 14 13 13 12 13 14 14 14 14 14 14 16 18 22 28 33 34 39 52 44 46 61 69 79 73 62 44 41 43 41 40 34 30 26 23 20 20 16 14 13 10 10 9 9 8 8 8 8 8 8
28 28 29 29 31 42 45 44 32 32 32 30 30 30 30 30 30 29 28 28 27 27 26 26 28 28 29 32 35 48 50 34 31 29 27 24 24 22 17 15 14 15 14 14 14 14 13 12 12 12 12 12 12 12 13 14 14 14 17 22 27 37 39 43 61 61 65 69 79 80 71 60 44 37 35 35 35 35 34 31 26 24 21 17 14 14 11 10 10 10 8 8 8 8 8 8
26 28 28 29 29 31 41 41 31 32 31 30 30 30 30 30 30 30 29 28 27 27 27 27 28 29 32 34 36 48 48 35 32 30 28 25 24 22 17 15 14 14 14 14 14 14 14 12 12 12 12 12 12 12 12 13 14 15 17 19 26 37 41 55 63 62 67 69 67 68 76 65 55 40 34 30 29 28 32 31 26 23 20 18 16 16 12 11 11 10 9 8 8 8 8 8
26 25 25 28 28 29 29 30 29 29 30 30 30 30 30 30 30 30 30 28 27 27 28 28 28 32 37 56 62 59 48 33 31 31 29 26 23 23 19 17 15 15 14 14 14 14 12 12 12 12 12 12 12 12 12 12 14 19 22 24 26 29 32 35 35 39 44 44 44 54 74 74 60 56 41 39 35 31 26 24 22 21 19 18 16 16 14 13 11 10 9 9 8 8 8 8
26 25 25 25 27 28 28 28 28 29 29 30 30 30 30 30 30 30 30 29 29 29 29 29 29 32 33 48 55 58 48 36 33 33 31 29 23 22 19 17 16 15 15 14 14 14 13 12 12 12 12 12 12 12 12 12 14 17 20 21 21 25 28 29 33 39 39 43 57 60 67 72 65 59 55 37 34 30 27 26 21 20 18 18 16 16 14 13 11 11 9 9 8 8 8 8
25 24 24 25 25 26 26 27 27 28 28 30 30 30 30 31 31 30 30 29 29 29 30 30 29 31 33 36 50 59 46 35 33 31 29 29 24 20 19 17 16 16 15 14 14 14 14 12 12 12 12 12 12 12 12 14 14 16 17 19 24 29 32 35 38 58 60 59 62 68 68 57 44 41 40 37 35 35 31 28 26 21 19 18 16 16 14 14 13 11 10 9 8 8 8 8
25 23 23 23 24 25 25 26 27 27 28 29 30 30 30 31 31 30 30 29 30 31 31 31 29 32 32 34 49 56 48 45 33 29 27 25 23 22 19 18 17 16 15 15 14 14 14 14 12 12 12 12 12 12 12 14 14 14 18 24 27 35 35 37 49 57 66 62 65 73 71 62 55 41 37 34 31 35 34 31 26 21 19 18 18 16 14 14 13 11 10 9 8 8 8 8
23 23 23 23 23 25 25 25 26 27 28 29 30 30 30 31 31 30 30 29 30 31 31 31 31 30 32 33 35 50 51 47 34 29 29 26 22 22 19 18 17 16 16 15 15 14 14 14 13 12 12 12 12 12 12 14 14 14 17 21 25 33 33 33 37 41 58 54 60 70 68 71 62 44 39 34 31 29 29 27 26 23 20 19 18 16 14 14 13 11 10 9 8 8 8 8
23 21 21 22 23 23 23 25 25 26 27 27 29 29 29 28 30 31 31 30 31 33 33 33 32 31 30 32 33 48 55 52 48 46 33 30 23 21 19 19 17 17 16 15 15 14 14 14 14 14 12 12 12 12 12 13 14 14 17 19 19 24 25 27 30 35 36 39 41 45 61 71 68 60 43 34 31 31 32 29 27 27 26 22 20 18 14 14 13 11 10 9 9 8 8 8
23 21 21 21 23 23 23 25 25 26 27 27 27 27 28 30 30 30 31 31 31 31 33 33 33 32 30 30 32 35 51 53 48 44 33 30 25 22 20 19 17 17 16 16 15 15 14 14 14 14 12 12 12 12 12 14 14 14 16 17 19 26 29 31 35 50 39 44 41 43 60 68 68 57 42 34 35 35 35 31 31 29 27 23 20 18 14 14 14 11 10 9 9 8 8 8
21 21 21 21 22 23 23 25 25 25 27 27 27 27 28 31 31 31 31 31 31 31 33 33 33 32 30 30 30 32 45 46 46 33 30 29 25 21 19 19 17 17 17 16 16 15 15 14 14 14 13 12 12 12 12 14 14 14 16 17 19 27 29 33 36 55 58 58 58 54 60 68 72 65 57 37 35 31 29 28 27 26 23 23 20 18 16 14 14 13 11 10 9 8 8 8
21 21 21 21 21 23 23 24 25 25 27 27 27 27 28 32 31 31 31 31 31 31 33 34 35 31 30 30 30 31 33 34 44 31 29 26 23 21 19 19 17 17 17 16 16 15 15 14 14 14 14 12 12 12 12 14 14 15 16 17 19 26 29 31 35 55 60 58 57 59 64 71 71 68 56 35 33 35 31 29 27 26 23 21 19 18 16 15 14 12 11 10 9 8 8 8
21 21 21 21 21 23 23 24 24 25 25 27 27 27 27 30 31 30 30 30 31 32 35 34 34 31 30 30 30 31 33 33 33 33 30 27 23 20 20 19 17 17 17 16 16 15 15 15 14 14 14 13 12 12 12 14 16 16 17 19 19 27 30 33 33 39 39 39 41 42 57 60 60 63 45 38 37 35 32 29 27 25 23 22 21 19 16 14 14 11 10 9 9 8 8 8
21 21 20 21 21 23 23 24 24 25 25 27 27 27 27 27 28 28 28 29 31 33 45 34 33 31 30 30 30 30 33 32 31 31 30 27 23 23 22 20 17 17 16 16 15 15 15 14 14 14 14 14 13 12 12 14 15 16 17 19 21 26 27 29 30 35 36 39 41 41 43 54 60 65 62 54 38 35 31 30 29 29 26 24 23 21 16 14 14 12 11 10 9 9 8 8
20 19 18 21 20 21 21 23 23 23 23 25 26 27 27 27 27 27 27 27 28 30 32 33 32 31 30 30 30 30 33 31 30 30 29 29 26 25 25 23 18 17 17 15 15 15 15 15 14 14 14 14 14 13 12 14 14 16 18 21 25 30 33 37 39 55 56 55 53 51 53 57 57 54 41 36 35 33 32 30 35 32 29 26 23 20 19 17 16 14 11 10 9 9 9 9
21 18 18 18 18 20 21 21 22 22 23 24 24 27 27 27 27 27 27 27 28 29 30 31 31 31 30 30 30 30 30 30 29 29 29 29 26 25 25 23 19 17 17 16 15 15 15 15 14 14 14 14 14 13 12 13 14 16 17 21 25 31 34 40 53 51 41 41 50 50 54 55 50 38 36 32 31 30 29 29 35 35 31 27 23 23 23 20 16 14 11 11 10 10 9 9
20 17 17 17 17 18 19 20 22 23 22 23 24 26 27 27 27 27 27 27 28 29 31 32 31 31 30 30 30 30 30 30 30 29 28 26 25 25 25 23 20 19 17 16 16 15 15 15 15 14 14 14 14 13 12 13 14 16 18 21 24 28 32 36 39 49 40 41 50 51 56 51 36 34 33 30 29 29 27 29 29 30 29 27 27 27 23 19 18 15 11 11 11 11 10 9
17 16 16 16 16 17 18 20 22 22 21 24 24 27 27 24 27 27 27 27 28 30 32 32 32 33 33 30 30 30 30 30 30 30 29 29 26 23 23 23 20 19 17 17 16 15 15 15 15 14 14 14 14 13 13 13 14 15 18 21 25 31 34 39 49 39 40 40 40 41 54 39 34 31 30 29 27 27 27 27 26 26 27 29 29 27 21 19 17 16 13 13 11 11 11 10
