maxent/maxent_rasters/bio15_precip_seasonality.asc
ncols        1049
nrows        959
xllcorner    -124.500000000000
yllcorner    32.500000000000
cellsize     0.010000000000
NODATA_value -9999
[rows 270 to 314 of 959, columns 480 to 575 of 1049]
51 52 53 51 50 48 47 46 48 47 48 49 43 44 43 44 47 47 44 43 43 42 33 31 29 28 27 27 28 27 28 27 25 23 25 23 25 23 22 22 22 23 20 21 21 21 20 20 18 16 18 17 16 18 18 18 19 20 20 19 17 16 18 18 18 17 17 16 17 17 19 18 18 18 18 18 19 19 19 19 19 20 20 22 22 22 22 25 24 24 23 23 23 23 23 23
46 48 50 53 52 50 49 50 50 50 48 46 47 46 47 47 48 41 38 37 34 32 30 29 30 31 30 29 28 27 27 27 25 24 24 23 24 23 23 23 23 24 24 22 22 21 21 19 19 18 20 19 19 17 17 17 17 18 17 18 17 16 17 18 18 18 18 17 17 19 19 19 20 18 18 17 19 19 19 20 20 20 20 21 22 22 22 24 25 25 23 23 23 23 23 23
45 47 51 53 53 52 51 50 48 48 47 48 50 49 49 50 46 38 35 34 33 33 30 29 29 28 29 29 26 26 26 26 25 24 24 23 23 25 25 25 24 25 24 24 23 21 20 19 19 18 18 19 18 18 17 17 17 18 18 18 17 16 17 18 18 18 18 17 17 17 18 19 18 17 18 17 19 19 20 20 20 20 19 21 21 22 22 22 22 23 23 22 22 24 22 23
49 50 49 54 54 54 52 50 50 51 51 50 50 50 50 46 41 35 34 33 32 31 30 29 30 27 28 28 26 26 26 25 25 25 24 23 26 23 23 25 25 27 25 24 23 22 22 19 19 18 19 19 20 20 20 18 18 17 17 19 18 18 18 20 20 20 18 17 19 19 18 18 19 18 17 17 19 19 20 20 19 19 22 20 20 20 22 22 22 24 24 22 23 22 22 23
53 54 55 54 55 54 53 50 51 53 51 50 49 48 45 39 35 33 33 33 31 30 31 29 29 28 27 27 26 26 25 25 25 24 23 26 26 26 26 26 26 26 24 23 23 21 22 20 20 19 19 20 20 19 19 19 18 17 17 18 19 18 19 20 19 19 17 17 18 18 18 17 18 18 18 19 18 19 20 20 20 20 20 20 20 20 22 22 22 22 22 25 24 24 24 24
52 54 55 56 56 55 53 52 49 47 47 45 42 43 39 35 32 31 31 31 32 31 31 29 29 28 27 26 26 25 25 24 25 24 24 26 26 28 29 27 30 28 24 23 23 22 21 20 20 20 20 20 19 18 17 17 18 17 17 19 19 18 19 19 19 19 19 19 19 19 18 18 19 19 19 19 21 18 19 20 20 20 20 20 22 20 22 22 22 22 23 26 25 25 25 25
55 56 57 56 55 53 48 49 49 43 39 37 36 35 33 33 32 32 32 30 30 30 30 28 28 28 27 27 27 27 26 25 24 24 25 25 27 27 28 26 24 23 23 22 23 21 21 21 19 19 19 19 18 17 17 18 19 19 19 19 18 18 18 18 20 18 19 19 19 20 20 19 19 19 19 19 18 18 19 20 20 20 21 21 22 22 22 24 23 23 21 22 23 22 22 23
56 56 57 57 55 51 50 44 47 41 38 39 35 34 33 33 32 31 31 29 31 30 31 30 29 29 28 29 28 27 25 25 24 23 23 24 25 27 26 26 26 26 22 21 20 21 21 20 19 17 18 17 17 18 18 18 18 20 19 19 18 19 18 19 19 19 18 19 19 19 19 19 18 19 18 19 17 19 20 20 20 20 21 21 21 22 22 23 24 23 23 22 23 23 23 23
56 57 57 56 54 51 49 45 45 44 43 40 34 34 33 33 33 30 29 28 28 28 32 29 29 28 27 31 28 27 26 25 26 26 25 23 23 25 25 25 25 25 21 20 20 20 19 20 19 17 17 17 17 17 17 19 19 19 19 20 18 19 18 19 19 18 18 19 21 20 19 18 18 19 18 20 18 19 20 20 20 20 21 21 22 22 23 23 24 23 23 23 22 23 23 23
57 57 57 54 52 51 52 48 44 49 42 38 35 34 33 33 32 30 28 28 28 27 28 28 29 29 28 31 28 27 26 26 26 26 26 23 24 24 24 24 24 24 21 21 21 20 19 19 19 18 18 18 17 19 19 19 19 20 18 18 18 18 18 19 19 18 18 17 19 20 19 18 20 20 20 19 17 19 18 20 20 20 20 21 21 21 22 23 23 23 23 24 23 22 23 23
57 58 57 52 49 48 50 48 47 42 39 37 35 34 34 33 32 28 27 28 27 29 28 28 28 28 29 28 27 26 28 27 25 26 24 23 25 23 23 23 23 24 23 22 21 21 20 21 21 20 20 19 18 19 20 19 19 19 18 19 18 19 19 19 19 19 17 19 19 18 19 19 20 22 20 18 17 17 19 19 20 20 20 20 20 20 21 23 22 22 22 23 23 22 22 22
57 55 52 48 46 48 48 49 45 39 37 33 33 33 33 32 31 28 28 27 29 31 30 29 30 32 30 28 27 26 25 24 25 24 24 25 24 23 24 24 24 24 24 23 23 23 24 21 21 21 21 20 20 19 19 18 18 19 18 18 19 21 20 20 19 17 18 18 18 19 19 19 17 18 19 21 18 17 18 20 20 20 20 20 20 20 20 22 23 23 23 23 22 23 22 22
58 56 51 48 47 43 42 45 42 37 33 31 32 31 32 32 31 31 31 30 30 31 32 37 36 39 35 31 28 27 27 27 27 27 24 24 24 23 24 22 22 22 23 23 23 23 23 23 23 22 22 22 23 21 21 20 20 20 19 18 19 18 19 18 19 19 19 18 17 18 18 18 18 18 19 19 19 19 18 18 18 19 20 20 20 20 20 20 20 20 20 21 21 21 20 22
58 56 51 47 46 44 41 40 39 37 33 33 33 33 32 32 31 32 32 32 32 33 32 33 34 37 37 38 31 31 29 27 26 25 24 24 25 24 24 24 25 24 23 24 24 23 23 23 23 23 23 22 22 22 21 21 20 20 20 20 20 19 19 20 20 19 18 18 18 18 19 19 17 18 17 17 18 18 19 19 18 18 20 20 19 20 20 20 20 20 21 21 22 20 21 23
54 52 48 43 44 44 39 37 37 36 35 34 32 32 32 32 32 32 32 32 33 34 37 37 35 36 37 37 34 30 29 28 26 25 24 24 24 23 25 25 24 23 23 24 23 23 21 24 23 24 24 23 22 23 22 22 23 22 23 21 20 20 20 20 20 20 20 21 20 19 18 18 19 18 18 19 19 18 18 19 19 18 19 18 19 19 19 20 20 20 20 19 22 22 22 23
52 50 46 41 41 41 38 36 34 35 33 34 32 32 33 32 32 32 33 36 36 39 39 39 39 37 37 38 33 31 30 29 26 27 26 25 25 23 23 25 25 24 23 23 23 23 23 23 23 23 23 22 23 23 25 25 27 25 24 24 22 19 21 22 21 21 20 21 21 19 19 18 18 18 18 17 17 18 18 18 20 19 19 19 19 19 19 18 19 19 18 21 19 21 23 23
50 47 44 41 40 39 38 37 35 34 33 34 33 34 34 34 34 35 36 38 42 47 45 47 44 43 41 36 33 35 36 35 31 30 29 26 27 24 23 25 24 24 23 23 24 23 23 24 21 22 21 21 24 29 28 29 26 24 20 21 20 23 22 21 20 18 18 20 20 20 18 18 18 18 18 19 18 19 18 20 18 20 19 19 19 20 18 19 19 20 19 19 20 21 21 23
46 44 43 41 40 39 39 38 35 35 35 35 35 35 35 35 35 36 37 39 43 46 49 47 43 42 39 36 34 37 36 36 34 32 30 27 30 24 25 25 24 24 23 23 24 23 23 24 24 24 21 22 24 26 28 26 27 21 21 19 22 21 20 19 19 18 19 18 20 20 19 20 19 19 18 17 19 19 19 19 19 19 20 19 19 18 19 19 18 18 21 19 20 21 22 20
43 43 43 40 42 41 39 38 38 38 38 37 36 36 34 36 37 39 41 47 49 49 50 47 44 43 40 39 35 36 36 37 36 34 30 30 28 25 25 25 23 24 22 22 24 23 23 23 24 24 21 23 25 25 24 23 22 20 20 21 20 20 19 20 19 19 20 19 18 20 20 20 19 19 17 20 17 18 19 21 20 19 19 19 18 18 19 19 19 21 19 20 20 22 22 21
40 41 43 41 39 41 41 39 39 39 40 39 39 35 35 38 40 43 47 47 51 51 48 46 44 42 40 37 36 36 38 35 33 32 30 30 26 24 25 23 24 23 22 22 22 24 23 23 24 22 22 22 25 23 23 22 21 21 21 21 19 19 19 18 18 19 19 19 18 20 19 19 20 19 21 19 19 19 20 21 20 20 20 18 18 18 19 19 19 18 20 21 20 22 20 21
40 41 43 41 44 47 48 42 45 44 41 42 40 36 38 39 41 44 48 49 51 51 48 47 44 41 39 39 39 38 36 36 35 33 31 31 26 24 24 24 24 24 23 22 24 22 22 23 23 24 22 23 23 23 23 23 22 22 20 20 19 19 19 19 18 19 20 19 18 19 21 20 20 20 20 18 19 19 20 21 19 19 20 19 19 18 19 18 18 20 20 20 20 22 20 21
42 42 42 45 45 47 46 48 50 50 48 44 41 38 40 40 45 48 49 47 47 47 47 47 44 43 43 41 41 42 43 42 36 35 34 29 30 23 23 26 26 25 25 24 23 24 24 23 22 23 22 21 21 19 19 20 18 20 23 22 23 21 19 19 18 18 18 21 20 20 18 21 19 21 20 20 19 20 21 21 20 18 19 20 20 19 19 18 19 19 21 21 21 22 22 21
44 44 43 45 46 47 46 51 52 50 48 45 40 41 40 40 45 47 46 46 49 50 47 45 43 42 43 41 42 43 45 44 37 35 36 31 29 24 25 26 26 25 23 24 24 24 24 23 22 21 21 21 20 18 19 18 17 19 21 23 21 19 20 20 20 20 17 18 19 21 20 20 21 19 21 21 20 20 19 21 20 19 20 20 20 20 19 21 20 19 20 22 21 22 21 22
43 45 46 44 45 47 48 51 51 50 48 45 39 42 42 42 45 46 49 50 50 51 47 45 44 42 42 41 43 43 43 43 37 37 34 31 30 26 25 25 25 25 24 24 23 24 24 23 23 22 22 20 20 20 20 17 19 19 19 20 20 20 19 19 20 20 17 17 19 21 21 21 20 19 20 21 21 21 21 20 21 21 19 19 19 19 21 18 18 20 20 19 20 21 22 21
44 48 48 45 45 47 51 51 51 50 48 47 41 43 44 43 46 46 47 48 50 52 48 46 44 42 42 42 43 41 40 42 36 35 35 30 29 25 26 25 24 24 24 24 23 23 23 23 23 22 22 20 20 20 20 18 20 19 20 19 20 20 20 19 19 19 19 17 18 20 21 21 21 19 19 19 19 19 20 21 21 21 19 18 19 19 18 21 20 20 21 20 19 20 21 21
43 48 51 48 48 48 50 51 51 49 47 46 45 42 44 46 47 49 48 49 51 52 49 47 45 43 42 41 44 42 40 41 40 36 31 28 25 23 24 25 26 25 26 25 24 23 23 23 23 23 22 22 21 19 19 18 18 19 19 20 19 21 21 21 21 18 18 17 17 19 19 20 22 21 20 18 18 18 19 20 20 21 19 18 21 20 19 18 20 20 19 21 22 20 21 20
45 48 51 53 53 52 51 53 53 52 51 50 44 41 43 46 47 48 48 48 49 49 51 49 48 46 41 38 41 41 40 37 31 28 27 26 26 25 25 26 24 24 25 25 24 23 22 19 19 19 19 19 19 20 19 19 20 19 21 20 20 20 21 19 19 19 20 19 18 17 17 18 20 20 20 19 18 18 18 20 20 20 20 20 20 20 20 20 19 21 22 21 22 23 22 21
44 48 53 56 55 52 51 51 52 53 53 51 46 43 43 46 48 50 49 48 49 50 50 48 47 44 41 37 42 42 36 30 28 26 26 26 26 27 28 27 28 25 24 25 23 23 23 19 19 19 19 20 19 20 20 18 20 22 20 19 18 19 19 19 19 21 22 22 21 17 17 17 18 20 20 19 19 19 19 19 21 21 20 21 18 20 20 20 20 21 21 21 22 21 22 21
44 48 52 57 56 53 50 51 52 52 54 53 48 45 44 47 48 51 49 49 49 51 47 45 44 42 37 35 43 40 35 30 27 25 25 26 26 28 30 28 28 25 23 23 21 21 20 19 20 19 19 19 19 19 19 19 18 21 20 19 19 20 20 20 20 20 22 22 22 21 19 19 19 21 21 19 20 20 21 21 21 21 20 20 20 19 18 21 20 19 21 21 22 22 22 21
45 49 51 55 54 53 52 50 51 53 54 54 51 49 45 48 50 49 47 48 49 49 44 44 42 38 39 34 41 37 30 28 30 31 29 26 26 30 29 30 28 25 24 24 21 21 21 19 19 19 19 19 19 19 19 19 18 20 21 20 20 21 21 18 20 20 21 23 23 22 21 19 19 19 19 19 20 20 20 19 22 21 20 21 20 21 19 18 20 21 22 21 22 22 21 21
46 47 52 57 55 53 51 49 50 52 55 55 54 53 48 48 48 46 46 48 49 49 46 42 39 37 38 35 33 32 29 30 35 34 30 28 26 27 27 28 29 27 24 22 24 22 21 19 19 19 19 20 20 19 20 20 20 19 20 20 21 20 20 21 20 20 20 20 22 23 22 20 20 19 19 19 19 20 21 20 20 21 21 20 21 21 20 19 19 20 20 22 21 21 22 21
46 47 48 52 53 52 51 51 51 50 51 53 55 53 52 51 51 50 48 49 51 52 51 47 44 40 37 37 30 31 32 35 35 36 31 30 31 27 28 28 27 26 27 25 24 25 24 21 21 20 21 20 20 20 20 20 20 21 21 20 18 19 19 19 19 19 19 22 22 22 22 21 21 22 22 21 21 21 19 20 21 20 20 21 20 20 21 21 21 21 21 22 22 22 21 22
46 47 48 51 53 51 51 50 50 49 51 53 53 52 52 52 51 50 50 50 52 53 51 49 44 38 35 33 30 32 32 33 37 36 33 33 30 28 27 26 26 26 25 25 24 22 23 22 21 21 21 20 20 20 20 21 21 20 20 20 20 18 19 19 19 19 19 22 21 21 22 22 22 22 22 22 22 21 20 19 20 20 19 20 20 20 21 21 21 22 22 22 21 22 22 21
46 47 48 50 51 49 49 49 49 48 49 51 52 51 52 53 53 51 50 50 52 52 51 47 43 37 34 32 30 32 33 33 38 37 35 32 29 28 27 27 27 26 26 24 24 23 22 23 23 21 21 20 21 21 22 22 21 21 21 20 20 20 19 19 19 19 18 22 22 21 22 22 22 22 22 22 22 21 21 20 19 19 19 19 19 20 22 22 21 22 21 22 21 22 21 22
46 49 47 48 47 48 48 48 49 48 50 52 52 52 52 54 55 52 49 49 50 50 51 48 43 37 34 34 32 32 32 35 36 39 35 32 29 26 25 26 26 26 27 25 24 24 22 22 21 20 21 21 21 22 21 22 22 21 21 19 21 20 21 22 21 20 20 21 21 22 21 22 21 21 22 22 22 21 21 21 20 18 19 19 19 19 20 22 21 21 21 21 21 21 20 21
46 48 48 47 47 47 48 48 48 48 51 53 52 53 51 52 53 51 48 48 50 51 51 47 43 37 36 34 32 32 34 36 38 39 35 31 30 27 26 26 26 26 27 25 25 25 24 23 22 20 19 19 21 21 22 22 22 21 21 19 18 20 20 21 21 20 19 22 21 22 22 22 21 21 21 22 22 21 21 20 20 20 18 19 19 19 18 20 20 20 21 22 19 20 23 21
46 46 48 47 47 47 47 47 47 49 51 51 53 52 51 52 51 50 48 48 49 51 52 48 44 38 35 34 32 32 34 37 41 39 33 30 28 26 26 26 26 25 25 25 24 24 25 24 22 20 21 20 20 20 21 20 21 21 21 21 20 18 20 19 19 19 19 20 21 21 22 21 22 23 22 21 22 22 21 21 21 19 19 18 18 20 20 20 20 20 21 21 20 20 21 21
45 46 46 46 46 47 46 47 47 47 49 50 51 48 47 48 48 48 46 48 50 52 52 50 47 43 40 35 33 31 30 32 37 35 30 29 27 26 25 26 27 26 25 25 24 24 23 23 23 22 22 22 20 20 20 20 20 21 21 21 21 20 21 21 21 21 21 21 20 20 21 21 20 21 23 20 21 21 20 21 21 19 18 18 18 18 18 19 19 20 19 19 21 20 20 20
45 45 46 45 46 47 46 47 45 46 47 48 50 47 46 47 47 46 47 49 51 51 52 51 48 43 40 35 31 31 29 30 34 32 29 28 27 25 25 25 27 26 26 25 26 27 25 24 22 23 20 20 22 20 21 20 19 20 20 20 20 19 20 18 19 21 21 22 21 20 21 20 21 21 21 21 22 22 20 19 20 20 18 17 17 18 18 19 19 19 19 19 21 20 21 21
45 46 45 46 45 45 46 46 45 45 45 47 50 47 46 47 47 48 48 49 49 50 53 52 48 45 41 37 33 29 29 29 29 30 27 27 25 27 26 25 25 24 26 28 30 28 26 24 23 22 21 20 21 22 21 20 19 21 21 21 20 20 18 19 19 21 21 21 20 21 21 21 20 21 22 22 22 21 22 21 21 18 20 19 18 18 18 19 19 19 19 19 21 23 21 24
45 45 45 45 45 45 47 46 46 45 45 46 48 47 47 46 48 50 49 49 49 49 53 53 51 47 45 39 32 31 30 29 29 28 27 25 26 27 26 25 25 25 26 26 29 31 29 24 25 24 23 21 22 22 22 21 21 20 21 21 19 20 19 20 21 21 21 22 22 20 21 21 22 22 23 22 22 23 22 21 22 20 20 21 20 20 20 19 19 19 19 19 19 21 21 21
46 46 46 48 47 47 47 45 46 46 46 47 48 48 49 49 47 46 46 48 48 49 53 53 52 50 46 41 28 29 29 28 27 26 26 25 24 24 25 26 25 26 27 29 30 31 29 23 24 23 22 22 22 22 22 22 21 21 20 20 20 21 20 21 20 21 21 22 21 21 22 22 21 23 21 22 23 25 21 22 22 22 21 21 19 20 22 20 20 20 20 22 21 21 19 19
46 48 48 48 46 47 46 46 45 46 46 46 48 49 49 49 48 47 47 49 48 47 51 52 52 48 44 36 29 29 29 27 26 26 26 24 24 24 24 27 27 27 27 30 33 31 27 23 23 22 22 21 20 22 22 22 21 21 22 22 21 22 21 21 21 20 22 22 22 21 21 22 20 22 22 21 22 25 23 22 22 21 20 21 20 20 20 20 20 20 20 21 21 21 21 20
47 48 48 48 47 46 45 46 45 46 47 48 50 50 50 50 51 50 50 49 49 48 51 52 52 48 42 33 30 29 28 26 26 26 25 26 24 25 25 26 27 27 28 30 32 31 29 22 23 21 21 21 21 22 22 22 20 19 21 21 21 20 21 21 21 21 22 21 22 21 21 21 21 20 20 20 21 21 23 21 19 19 22 19 20 19 19 19 19 19 20 21 21 20 21 21
47 48 49 47 47 47 45 46 46 46 47 48 49 50 50 52 51 54 52 53 51 49 53 52 51 48 43 34 30 28 28 27 27 27 26 27 26 26 26 27 27 25 28 30 32 32 29 25 22 21 21 21 23 22 22 21 21 20 20 20 21 22 23 23 22 22 22 21 22 21 21 20 21 20 20 20 20 25 29 23 20 18 21 19 20 20 20 19 19 19 18 19 20 20 19 19
