maxent/maxent_rasters/pH.asc
ncols        1049
nrows        959
xllcorner    -124.500000000000
yllcorner    32.500000000000
cellsize     0.010000000000
NODATA_value -9999
[rows 450 to 494 of 959, columns 576 to 671 of 1049]
71 72 72 73 73 72 72 72 71 71 70 71 72 72 72 72 72 70 70 71 70 70 71 71 75 77 76 76 79 80 80 79 79 82 80 83 83 83 82 80 78 78 75 74 73 73 70 68 64 61 61 65 65 67 66 69 69 68 71 71 74 77 78 79 81 82 82 83 83 83 86 86 87 86 86 86 83 83 86 85 86 86 86 86 85 84 84 84 83 83 83 83 83 82 83 83
73 73 73 73 73 73 72 72 71 71 71 70 70 72 72 72 72 70 70 71 71 71 71 71 76 77 78 78 78 79 81 80 80 81 82 82 83 83 83 80 79 79 78 80 77 71 66 67 64 63 63 62 66 67 67 68 69 69 69 68 69 69 73 73 78 81 81 83 83 83 85 85 86 86 86 85 85 85 85 83 86 86 86 86 86 85 85 85 84 83 82 82 84 81 83 83
70 72 72 72 72 72 71 72 71 71 71 70 70 70 70 72 71 71 71 71 71 71 73 73 74 74 78 78 78 80 80 81 81 81 80 81 83 83 83 82 79 79 79 77 73 71 70 68 68 66 64 66 68 66 68 69 69 70 69 66 69 71 75 77 77 74 77 82 82 83 83 84 85 85 86 85 85 85 85 85 87 86 86 86 86 86 86 86 85 84 83 83 83 83 83 84
68 68 69 70 69 69 69 69 69 70 70 71 70 71 71 71 72 71 71 71 70 71 70 70 71 75 77 78 78 79 81 81 82 81 82 82 83 82 83 83 83 78 78 79 75 72 72 68 67 68 67 68 66 66 67 67 68 70 70 71 68 69 69 72 72 73 74 80 80 82 82 83 85 85 86 85 85 85 85 82 87 87 87 86 86 86 85 85 85 85 84 84 83 85 84 83
68 68 68 68 69 69 69 69 69 71 71 72 71 70 70 70 72 72 72 72 70 70 70 70 72 76 78 77 77 79 80 80 81 82 82 83 80 80 77 83 82 80 78 77 74 74 73 71 68 68 69 68 68 67 68 68 70 66 71 72 72 70 72 73 73 74 71 78 80 80 82 83 84 84 85 86 86 85 85 83 86 86 86 86 86 86 86 86 84 83 83 83 83 84 84 84
65 65 67 67 67 68 68 69 70 70 70 71 71 71 71 71 73 72 73 73 71 70 70 73 72 77 78 78 78 78 80 81 81 82 82 82 83 82 82 83 83 81 81 76 76 76 71 70 70 68 67 67 68 68 68 68 68 71 71 71 71 71 72 72 72 72 72 76 80 80 81 82 84 84 84 85 85 86 86 85 83 83 87 87 87 86 84 84 83 84 83 83 83 84 84 85
65 65 65 67 68 69 69 69 69 71 71 71 71 72 72 72 73 73 73 71 70 70 70 74 74 74 78 78 78 80 80 80 81 81 82 82 83 80 80 83 83 83 78 79 80 74 73 70 69 69 68 68 68 68 69 69 69 70 70 72 72 71 73 73 73 73 74 77 78 78 79 82 82 84 84 84 85 86 86 85 83 83 86 86 86 86 85 85 85 83 84 84 84 84 84 84
63 65 65 66 67 68 68 69 69 70 71 71 70 70 70 70 72 73 73 71 70 70 73 76 76 77 77 78 76 79 80 80 80 80 80 81 81 81 81 81 84 82 79 78 76 73 73 73 71 71 68 68 68 67 67 68 68 70 70 71 71 71 71 72 71 71 70 71 74 74 74 79 83 83 83 83 86 86 86 86 85 84 82 82 85 87 86 86 86 84 83 85 85 85 85 85
62 64 64 62 62 65 66 67 69 68 71 71 71 71 71 71 72 72 69 72 72 72 74 76 78 78 78 78 78 77 79 80 80 78 79 79 82 81 81 77 82 82 80 80 78 78 75 75 73 71 71 69 69 68 68 69 69 69 69 70 71 71 70 72 73 73 73 74 74 76 76 79 82 82 82 82 84 86 86 86 86 84 84 82 82 86 86 86 86 85 85 85 86 86 85 85
61 62 62 62 65 62 64 69 69 70 70 70 70 71 71 71 71 72 72 74 73 74 74 77 78 78 78 78 78 78 80 81 80 78 78 80 82 80 80 80 83 83 77 77 78 79 74 74 72 72 70 70 70 67 69 69 69 69 69 69 70 70 71 70 70 71 71 76 77 75 75 73 79 81 82 82 83 85 85 85 86 85 82 82 82 86 85 86 86 86 86 86 86 85 85 85
64 60 65 63 63 64 64 66 66 68 70 69 69 70 71 71 71 72 72 73 74 74 74 78 79 79 79 78 78 78 79 79 80 78 78 81 82 81 81 81 82 83 78 78 77 78 76 76 76 75 72 71 71 70 70 70 70 70 69 69 69 69 70 70 71 71 71 75 73 78 78 78 76 79 82 82 83 84 84 85 86 85 84 82 82 81 81 86 86 86 86 86 86 86 86 85
64 64 61 59 62 64 64 65 69 70 70 69 70 69 69 69 71 72 71 73 74 73 73 77 79 79 79 78 78 80 80 79 80 80 80 82 82 82 83 83 82 83 81 81 79 79 78 77 77 76 72 71 71 71 70 68 68 68 69 69 70 70 70 71 71 71 71 73 73 77 74 74 76 79 81 81 82 84 84 86 85 86 84 82 82 82 83 82 84 86 86 86 86 86 86 85
65 62 59 61 61 63 63 65 68 70 70 69 69 69 71 73 73 74 72 73 73 73 73 77 79 79 79 79 79 78 78 79 79 79 79 79 82 83 83 83 83 83 81 81 81 79 78 75 75 73 71 71 70 70 71 69 70 70 69 70 70 70 70 71 71 72 72 73 75 72 70 70 79 79 79 80 82 83 84 85 85 85 85 85 83 82 81 81 82 86 86 85 86 86 86 84
59 59 58 58 57 61 63 65 70 70 70 68 68 70 73 74 74 72 72 73 75 75 74 76 78 78 78 78 78 78 78 79 79 80 80 80 82 82 83 83 83 82 83 81 81 79 76 75 75 75 72 70 71 71 70 69 70 70 70 71 71 71 71 71 71 71 71 73 75 70 70 70 73 78 81 82 82 82 84 84 84 85 85 85 83 82 81 84 84 85 86 85 85 86 86 85
64 59 59 58 57 61 63 65 65 70 70 68 68 70 73 74 74 74 72 73 75 75 74 76 78 78 78 78 78 78 78 79 79 80 80 80 82 82 83 83 83 83 83 81 81 79 76 76 75 75 72 70 71 71 70 70 69 70 70 71 71 71 71 71 71 71 71 73 75 70 70 70 73 78 81 82 82 82 84 84 84 85 85 85 83 82 82 81 84 85 86 85 85 86 86 86
60 64 64 64 57 61 61 66 66 69 70 69 69 73 73 73 75 75 75 75 77 77 77 75 78 78 78 79 78 78 80 80 79 79 80 80 81 82 82 82 82 80 82 82 82 78 78 78 75 75 73 71 71 71 70 70 71 71 71 70 71 71 72 71 71 72 72 77 76 76 76 71 72 77 79 81 81 81 82 81 83 83 83 85 85 85 85 85 85 85 85 86 86 86 86 86
58 55 55 60 60 62 63 68 68 69 69 68 68 68 69 72 75 75 75 76 76 75 75 77 78 78 78 78 78 79 79 79 79 79 81 82 82 82 81 79 79 81 84 83 81 81 78 76 76 76 73 72 72 71 70 69 71 71 70 72 70 71 71 73 72 72 74 77 78 77 79 81 79 79 81 81 81 82 82 82 82 82 82 82 83 85 86 85 85 86 86 86 86 85 85 84
59 58 55 60 60 62 63 68 68 68 69 68 68 68 69 72 74 75 75 76 76 75 75 77 78 78 78 78 78 79 79 79 79 79 81 82 82 82 81 79 79 79 84 83 81 81 78 78 76 76 73 72 72 71 70 70 69 71 70 72 70 71 71 71 73 72 74 77 78 77 79 79 81 79 81 81 81 82 82 82 82 82 82 82 83 85 86 86 85 86 86 86 86 85 85 85
59 56 57 56 56 65 65 68 68 68 69 69 70 70 70 69 74 74 74 75 76 77 77 77 78 78 79 79 78 78 78 78 78 80 80 80 80 82 78 79 79 79 84 81 81 81 78 78 78 75 74 77 74 72 72 70 71 70 71 71 71 71 72 72 72 73 72 73 79 79 80 81 82 83 84 86 86 86 85 82 80 80 80 83 83 84 84 85 86 86 86 86 85 85 84 84
56 56 57 60 60 60 65 67 68 68 69 69 69 68 68 71 73 73 73 75 78 79 78 78 79 79 79 79 79 81 81 79 79 78 80 79 79 81 80 79 80 80 83 83 83 80 78 78 79 79 78 78 76 72 72 69 70 70 71 71 71 71 71 72 73 73 73 78 78 79 80 81 83 83 85 85 85 85 85 83 80 80 82 82 84 85 85 85 86 86 86 86 85 84 83 83
56 56 56 59 67 67 66 68 68 68 68 70 69 69 69 70 71 71 71 71 77 76 78 78 79 79 79 79 79 80 80 78 78 76 76 77 77 79 82 79 81 81 79 82 82 78 78 75 75 74 74 76 73 74 70 70 70 71 71 70 70 72 72 74 78 78 76 78 78 79 81 82 82 82 85 85 85 85 85 84 82 82 82 84 84 85 85 84 85 86 86 86 85 82 83 83
56 56 56 59 67 67 66 68 68 68 68 70 69 69 69 70 71 71 71 71 77 76 78 78 78 79 79 79 79 80 80 78 78 76 76 77 77 79 82 79 79 81 79 82 82 78 78 75 75 75 74 76 73 74 70 70 70 70 71 70 70 72 72 74 74 78 76 78 78 79 81 82 82 82 85 85 85 85 85 85 83 82 82 84 84 85 85 85 84 86 86 86 85 82 83 83
59 59 57 67 67 67 67 68 67 68 68 67 70 71 71 71 70 69 69 69 70 69 69 72 77 79 78 78 78 77 77 76 73 69 75 74 78 78 81 81 80 82 83 82 82 79 79 77 74 74 74 73 72 72 71 71 71 71 71 71 72 73 73 74 74 79 79 78 78 78 82 84 85 85 86 84 85 85 85 84 84 84 84 85 84 84 85 85 85 85 85 85 85 84 83 83
56 56 61 66 66 65 65 68 66 67 67 68 68 70 71 71 70 69 70 70 71 71 70 71 77 77 78 78 78 78 77 76 73 73 76 75 75 76 78 80 80 80 81 82 82 82 78 77 77 74 75 73 73 72 71 71 72 72 71 71 71 72 74 77 77 78 81 82 81 81 84 85 86 86 85 85 84 84 84 83 83 84 84 84 84 85 85 85 85 85 85 85 85 85 84 84
62 62 66 65 66 67 67 59 60 66 66 68 68 70 72 72 71 70 70 72 71 69 69 71 72 76 76 78 78 78 78 77 74 72 72 71 75 75 79 81 79 79 79 81 83 81 80 77 76 73 75 75 73 72 72 72 71 72 72 72 72 73 78 78 78 80 80 83 83 83 84 85 85 85 85 85 85 84 84 85 83 83 84 84 84 86 86 86 86 86 86 85 85 83 83 85
62 57 57 55 60 60 60 59 61 60 67 68 68 69 69 70 72 71 72 73 72 71 71 69 68 72 75 77 78 77 77 77 79 79 74 76 76 76 76 81 81 80 82 82 80 81 79 79 73 74 73 73 72 72 71 71 71 73 73 74 74 75 75 81 82 82 84 85 85 85 85 86 85 86 86 85 81 84 84 84 84 84 86 86 86 86 87 87 87 86 85 85 85 84 85 84
60 57 57 58 58 60 56 57 60 67 67 67 67 68 68 70 71 72 71 71 71 71 71 70 69 70 70 74 76 76 76 76 77 78 79 80 80 76 76 81 81 80 81 81 81 80 77 77 77 76 74 74 74 74 71 72 72 73 74 75 75 75 78 81 83 83 84 85 86 85 85 85 85 85 85 81 80 82 84 84 84 86 86 86 86 87 88 88 88 87 86 85 85 85 85 84
57 56 56 56 56 55 56 59 65 67 67 67 67 68 69 69 71 72 72 71 71 71 70 70 69 69 69 70 71 72 75 76 76 78 78 78 80 78 78 80 81 81 81 81 81 79 79 79 78 73 74 74 74 73 72 72 72 74 74 77 78 78 78 84 85 85 85 85 85 85 85 85 85 85 85 85 80 82 84 84 85 86 86 86 86 87 87 88 88 87 87 87 86 86 85 85
56 57 56 56 56 55 56 59 59 65 67 67 67 68 69 69 69 71 72 71 71 71 70 70 69 69 69 70 71 72 75 76 76 78 78 78 80 78 78 80 80 81 81 81 81 79 79 79 79 78 74 74 74 73 72 72 72 72 74 77 78 78 78 84 84 85 85 85 85 85 85 85 86 85 85 85 80 82 84 84 84 85 86 86 86 87 87 88 88 87 87 87 86 86 85 85
58 60 58 57 58 57 57 57 56 57 64 68 67 68 68 68 69 68 67 70 70 71 71 71 71 71 71 71 71 71 71 70 69 75 75 78 80 80 80 80 81 80 83 83 82 81 82 81 81 77 75 74 74 74 73 74 74 74 74 74 78 78 78 82 84 85 85 85 85 85 85 85 85 84 82 82 83 84 84 84 85 84 86 87 87 87 87 87 88 87 88 87 87 86 86 86
59 58 58 57 57 58 55 56 57 59 65 66 66 67 67 67 68 68 69 69 70 70 69 70 71 71 71 71 71 72 72 71 69 75 75 77 79 78 79 79 80 82 80 80 80 82 81 79 79 77 79 73 73 73 74 74 74 74 73 77 77 78 78 83 84 85 85 84 84 84 83 83 85 82 79 79 80 83 84 85 85 84 87 87 87 87 88 88 88 88 87 87 87 87 86 86
56 56 58 58 57 57 56 56 60 63 63 67 67 63 66 67 67 69 69 69 68 68 68 69 69 69 69 71 71 72 72 70 69 75 75 75 77 77 77 77 80 80 82 81 81 83 81 80 80 79 78 76 74 74 73 73 73 73 73 73 73 79 79 83 84 85 85 84 85 86 87 87 83 79 79 79 80 83 84 86 85 87 87 86 87 87 88 89 88 88 88 87 87 86 86 86
57 56 56 58 57 57 56 56 56 60 63 67 67 63 66 67 67 67 69 69 68 68 68 69 69 69 69 71 71 72 72 70 69 71 75 75 77 77 77 77 80 80 82 81 81 83 81 80 80 80 78 76 74 74 73 73 73 73 73 73 73 79 79 83 83 84 85 84 85 86 87 87 84 83 79 79 80 83 84 86 86 85 87 86 87 87 88 89 88 88 88 87 87 86 86 86
57 57 58 57 56 55 56 55 55 55 57 65 65 64 67 67 65 65 69 69 66 66 65 65 66 69 69 71 70 70 70 70 71 70 69 69 76 77 77 80 80 79 81 81 81 81 82 79 80 80 73 73 73 73 72 72 72 73 73 74 74 77 77 78 79 84 85 86 85 84 83 83 82 79 79 80 82 84 84 84 86 84 85 85 87 88 88 89 88 88 88 87 87 87 87 87
59 60 60 59 59 58 57 56 56 57 59 61 64 64 66 68 68 68 68 68 64 66 66 67 70 69 69 69 68 68 70 70 70 70 70 75 75 77 78 76 76 80 81 81 81 81 82 81 80 80 77 72 72 72 76 76 73 72 72 73 73 74 74 78 80 83 83 83 84 85 83 79 79 79 78 78 80 81 82 83 85 83 83 83 84 85 88 89 89 89 88 88 88 88 88 87
59 59 60 59 59 58 57 56 56 56 57 61 64 64 66 68 67 68 68 68 64 66 66 67 67 70 69 69 68 68 70 70 70 71 70 75 75 77 78 76 76 76 81 81 81 81 82 81 80 80 77 72 72 72 76 76 73 73 72 73 73 74 74 78 80 80 83 83 84 85 83 79 79 79 79 78 80 81 82 83 85 85 83 83 84 85 88 89 89 89 89 88 88 88 88 87
57 55 56 57 57 57 56 56 57 57 61 60 66 66 65 65 66 65 65 64 66 65 65 65 63 68 68 68 64 67 68 68 68 70 70 69 69 76 76 76 77 77 82 82 80 80 82 82 82 81 79 79 79 78 78 76 73 73 72 72 73 74 76 76 76 78 78 78 77 75 74 74 74 75 78 81 80 80 83 83 81 81 83 84 84 86 87 87 88 88 88 89 89 88 88 88
55 55 55 58 58 58 57 56 57 57 59 61 61 62 62 63 66 68 68 66 65 66 65 65 64 67 67 67 64 66 66 67 67 70 70 75 75 75 76 76 79 79 81 81 81 81 81 82 81 80 83 81 78 78 78 73 73 73 73 72 74 74 73 74 74 75 75 75 74 74 74 72 73 74 79 80 80 80 79 80 84 84 84 83 84 86 86 87 88 88 88 89 90 89 89 89
55 55 56 57 56 56 56 56 56 56 63 64 63 64 64 64 67 65 65 65 64 66 65 65 60 66 65 65 65 67 67 67 67 70 70 70 70 75 78 77 80 80 81 81 81 81 81 82 81 80 81 81 81 80 78 77 77 73 76 76 73 73 74 74 73 73 73 73 73 73 72 72 73 75 79 79 79 79 78 78 82 82 82 82 83 85 85 87 89 88 88 88 89 90 89 89
55 55 55 56 56 56 56 56 56 56 56 64 63 64 64 64 63 67 65 65 64 66 65 65 65 60 66 65 65 67 67 67 67 69 70 70 70 75 78 77 80 80 81 81 81 81 81 82 81 81 80 81 81 80 78 77 77 77 73 76 73 73 74 74 73 73 73 73 73 73 72 72 73 73 75 79 79 79 78 78 82 82 82 82 83 85 85 87 89 89 88 88 89 90 89 89
61 61 56 56 55 55 55 56 56 56 56 62 64 58 58 58 62 59 62 62 63 64 65 65 60 66 67 67 67 67 67 67 67 70 71 70 70 72 75 75 78 77 79 81 81 82 81 81 84 82 82 80 82 83 81 81 79 78 79 78 74 73 74 74 74 72 73 73 73 72 72 73 75 75 78 79 78 78 76 76 78 80 80 84 84 85 85 85 87 87 87 87 89 90 90 90
55 55 55 54 55 55 55 56 55 56 56 63 58 58 56 56 58 63 58 58 64 60 60 64 65 66 65 66 66 67 66 66 66 70 69 71 71 71 69 71 75 77 78 79 77 77 78 80 81 81 81 80 81 81 81 81 81 80 79 77 74 74 74 73 73 73 73 73 73 73 74 73 78 78 79 78 78 78 78 78 78 83 83 83 83 83 85 85 86 88 87 87 89 90 90 90
62 62 55 54 56 55 55 56 56 56 56 59 61 55 57 57 60 60 64 64 59 58 60 63 65 61 65 65 65 65 66 66 67 70 70 70 70 70 70 76 76 76 78 78 79 77 79 80 80 82 80 80 82 80 82 82 81 82 79 77 77 74 73 73 73 73 73 72 73 73 72 72 78 78 78 78 79 77 77 78 81 83 83 81 81 83 84 84 86 88 88 88 88 90 90 90
56 61 61 56 55 54 54 56 56 57 59 56 57 58 56 56 65 58 57 57 56 56 59 59 60 62 65 64 65 63 67 67 66 67 71 72 72 72 70 70 76 77 77 78 78 78 79 79 79 81 80 80 81 82 83 83 83 82 81 80 80 78 76 75 74 74 73 73 73 73 74 75 74 75 75 79 79 79 79 79 80 81 83 83 84 85 85 85 85 88 87 87 87 89 90 90
55 55 55 55 55 55 55 57 58 57 58 58 59 59 57 55 60 60 62 59 56 56 56 57 58 58 60 61 63 63 62 67 65 67 70 72 72 71 71 71 76 76 76 78 80 78 79 79 78 78 82 82 82 81 82 81 81 79 79 80 80 79 79 75 73 73 73 73 72 72 72 74 79 79 79 77 77 79 79 79 80 79 83 83 84 85 85 87 87 88 87 87 87 89 89 89
