maxent/maxent_rasters/pH.asc
ncols        1049
nrows        959
xllcorner    -124.500000000000
yllcorner    32.500000000000
cellsize     0.010000000000
NODATA_value -9999
[rows 540 to 584 of 959, columns 480 to 575 of 1049]
77 77 77 77 77 77 77 75 76 77 77 77 76 74 75 75 75 75 76 76 76 75 74 75 75 75 69 70 70 70 72 72 70 70 70 70 70 70 70 69 68 68 68 64 64 64 63 65 64 64 65 65 64 64 64 64 64 65 66 65 65 64 64 65 66 64 63 63 63 58 58 58 58 58 58 59 58 57 57 57 58 58 57 59 58 59 58 63 63 61 56 56 55 60 55 55
77 76 76 76 77 76 76 77 76 75 76 76 75 75 75 75 75 75 76 75 75 75 76 74 74 74 74 72 74 74 71 73 71 71 71 70 69 69 69 71 69 68 68 67 65 64 66 64 69 65 65 65 66 64 65 64 65 66 65 64 64 63 66 63 66 66 65 64 63 63 63 64 62 58 58 57 58 57 57 58 59 58 58 59 59 58 59 59 59 58 56 56 58 59 55 54
78 77 77 77 77 76 76 76 76 75 75 75 75 75 76 76 76 76 76 76 76 76 75 75 75 75 75 71 74 74 74 75 75 73 71 72 69 70 70 72 70 70 70 68 69 68 65 68 66 66 65 65 65 64 66 63 64 65 65 65 66 64 65 63 66 65 65 65 64 64 64 65 63 57 57 57 57 57 57 60 59 58 58 59 59 59 59 59 58 57 56 56 56 60 54 54
78 78 78 78 76 77 75 75 74 75 75 75 75 75 74 76 76 76 76 74 74 76 75 76 76 76 75 71 73 73 74 72 73 74 73 72 72 72 72 71 72 70 70 69 70 69 68 68 68 69 64 65 64 66 65 64 64 64 63 63 64 64 65 66 66 66 65 64 64 64 66 66 60 61 61 58 57 58 58 58 58 63 57 57 58 59 57 57 59 59 58 60 60 58 55 56
78 78 78 78 77 77 76 76 75 75 75 75 75 76 76 76 76 76 77 77 77 75 75 76 75 75 74 76 76 74 73 73 73 74 73 73 73 73 73 72 72 68 70 69 69 69 69 68 67 67 65 64 65 64 64 64 64 64 64 64 65 64 64 64 66 66 66 64 64 65 66 66 64 58 58 58 61 58 58 58 58 59 58 58 58 59 58 58 58 59 61 58 58 57 55 55
78 77 77 77 77 78 78 78 76 76 75 75 75 75 75 75 75 75 76 76 77 76 76 74 75 75 75 75 74 75 75 74 73 73 73 73 74 72 72 72 71 71 70 70 68 68 68 69 67 66 64 65 65 64 63 65 64 64 64 65 65 65 64 65 64 64 64 64 65 66 66 66 66 63 63 58 58 60 58 58 58 57 58 58 58 61 59 58 58 58 58 57 57 57 55 55
78 78 78 78 77 77 77 77 77 76 75 75 75 77 76 78 78 78 76 77 76 76 76 76 75 75 76 75 74 73 73 73 74 74 73 74 74 73 72 72 72 72 72 71 70 69 68 67 67 65 64 64 64 63 63 64 64 64 65 63 65 65 65 65 64 65 65 67 66 66 66 66 60 65 58 58 62 62 58 58 61 58 61 58 58 58 56 56 56 57 57 58 58 58 57 58
78 78 78 79 78 77 77 77 76 76 76 76 75 76 77 77 75 76 76 76 77 77 78 78 74 75 76 75 75 74 74 74 73 73 75 73 73 73 73 72 73 72 71 70 71 71 70 67 67 65 65 64 64 62 62 63 63 63 64 67 64 64 64 65 65 63 63 64 65 65 65 65 66 65 64 64 64 60 62 62 62 62 59 58 58 57 57 58 58 58 58 59 57 57 58 57
79 77 78 78 78 77 77 76 76 77 77 75 75 75 76 75 76 76 75 74 77 78 75 75 75 75 75 75 75 75 74 75 74 74 73 73 73 74 75 73 73 73 72 71 71 71 69 67 67 64 64 63 63 63 64 64 64 64 65 64 65 66 66 65 64 64 64 65 66 65 64 64 64 64 66 66 64 65 64 62 62 59 57 57 57 57 58 58 58 58 59 59 58 58 59 59
79 77 78 78 78 78 77 77 77 77 77 77 76 75 76 76 77 76 75 75 77 76 77 76 75 76 75 75 75 75 75 73 73 75 71 71 72 74 75 75 72 72 69 70 70 69 70 67 67 66 66 63 65 65 65 64 64 64 64 65 66 63 63 63 62 64 64 64 64 66 66 66 61 65 65 65 65 64 64 61 61 59 57 57 57 57 59 58 58 58 58 59 58 58 59 58
79 79 78 78 78 78 78 77 77 77 77 76 76 76 75 75 77 77 77 77 77 76 76 76 76 76 75 75 74 74 75 75 75 75 71 71 73 73 74 71 71 72 71 69 69 68 69 70 69 69 65 64 64 64 64 64 64 65 65 63 65 65 65 63 64 63 66 66 66 65 66 66 63 61 64 63 63 64 63 63 63 63 60 59 57 57 58 58 58 58 58 59 60 59 59 58
79 79 79 78 78 77 78 78 77 77 78 79 77 77 76 76 76 77 77 77 76 76 76 75 75 75 76 75 75 74 75 75 75 75 71 71 73 73 73 74 74 75 71 73 73 73 71 70 71 71 69 65 64 64 64 66 64 66 66 67 65 64 64 64 64 65 65 65 67 66 65 65 65 65 61 60 60 62 64 63 63 63 61 60 58 58 59 58 57 57 58 58 59 59 58 57
80 80 80 78 78 78 78 78 78 78 78 78 79 78 77 77 78 77 77 77 76 76 76 77 77 76 76 76 76 75 75 75 75 75 70 73 73 74 73 75 75 75 73 72 72 72 73 70 71 71 69 69 69 68 68 67 67 67 67 65 66 64 65 65 64 64 64 64 66 66 64 64 64 61 63 65 65 65 65 65 65 65 61 59 60 60 61 58 57 58 57 58 58 58 58 58
81 80 79 80 78 78 78 78 78 78 78 77 77 78 77 77 77 77 77 77 77 77 77 77 77 77 76 76 76 76 74 74 74 75 72 73 73 74 73 74 74 74 74 73 74 74 73 70 69 69 69 69 67 68 68 67 70 66 66 66 66 66 64 64 65 65 65 65 65 64 66 65 65 64 64 62 62 64 63 65 64 64 63 60 62 62 60 57 57 58 58 58 57 57 57 58
80 80 79 80 78 78 79 79 78 78 77 77 77 78 78 77 77 76 76 76 76 76 77 77 77 77 76 76 76 76 75 74 75 75 74 76 76 75 75 75 75 75 74 73 72 72 71 71 69 73 73 68 66 66 66 69 67 69 68 68 66 65 65 65 64 64 66 65 65 66 66 65 65 67 64 65 64 62 65 65 66 66 66 66 65 63 62 58 57 57 58 58 58 58 57 58
81 81 81 79 80 80 78 78 78 78 78 78 79 78 78 78 78 78 77 77 75 76 77 77 77 76 77 76 76 75 75 75 75 76 76 76 76 76 74 75 74 74 74 73 74 72 72 75 73 70 70 71 68 69 67 67 68 68 68 68 66 68 65 64 64 66 65 67 67 68 67 66 65 64 66 66 67 66 66 65 66 65 63 61 60 59 59 58 59 59 64 59 61 59 60 60
80 80 80 80 80 80 80 79 78 78 78 77 78 78 78 78 78 78 78 78 77 77 77 77 77 76 76 76 76 76 76 76 76 76 76 76 76 76 76 74 74 74 74 75 73 74 74 70 71 68 68 67 70 68 68 68 67 69 69 68 68 68 66 64 64 65 65 65 67 67 65 64 65 64 66 67 67 67 65 66 68 68 64 59 59 59 58 61 61 63 64 62 64 65 65 65
80 80 79 79 80 79 79 80 79 78 78 78 79 78 78 78 78 79 77 77 78 78 77 76 76 77 75 76 76 77 76 76 77 77 76 75 76 76 74 74 75 74 74 75 73 70 70 70 72 71 70 69 70 70 68 68 69 69 68 67 66 68 65 64 65 65 65 67 68 67 68 65 65 65 66 64 65 67 67 68 67 65 65 64 60 58 59 62 64 65 65 65 65 65 65 65
78 78 78 78 79 79 79 79 78 78 78 78 79 78 78 78 78 78 78 78 78 78 77 79 79 77 76 77 77 77 77 76 74 74 76 76 75 75 75 74 74 75 75 74 74 74 70 70 71 71 71 68 69 68 68 68 69 69 69 67 66 65 66 66 65 65 64 69 67 67 66 67 67 66 66 65 67 68 67 67 67 67 65 64 63 61 61 63 66 66 65 65 65 65 62 62
81 81 81 78 81 79 79 78 79 79 79 79 79 78 77 77 78 78 79 78 78 78 77 76 76 78 77 77 77 77 77 77 77 77 76 76 76 75 75 75 75 76 76 74 75 73 71 70 69 70 72 72 73 70 69 69 68 69 68 70 70 69 67 65 65 65 64 67 68 68 67 67 68 65 65 67 66 69 69 68 67 67 66 64 65 66 66 66 65 66 65 65 66 62 62 62
80 79 79 79 80 80 80 80 79 79 79 79 80 79 79 77 77 77 78 79 79 78 78 78 77 77 77 76 77 77 77 76 76 76 76 76 75 75 75 74 74 74 76 75 75 74 73 73 73 74 74 75 73 74 70 68 69 68 69 69 67 68 69 69 66 65 66 66 67 67 66 67 66 65 66 64 64 67 67 67 67 66 68 68 67 67 68 68 68 66 62 62 63 62 60 62
79 79 79 79 78 78 80 80 79 79 79 79 79 79 79 78 78 78 79 78 78 78 77 79 77 77 77 77 78 78 77 77 76 77 75 75 75 75 75 76 76 76 76 75 75 74 74 74 73 74 74 74 72 73 69 69 69 69 69 69 67 68 70 70 66 66 67 67 67 67 68 64 64 64 64 66 65 67 67 67 65 67 65 65 67 70 67 67 65 65 57 57 57 57 58 58
79 79 79 79 80 81 81 81 80 78 78 77 77 79 79 79 79 78 78 78 79 79 78 79 77 77 78 77 77 78 77 77 77 76 74 75 75 75 75 75 75 74 76 75 76 76 74 74 74 75 74 75 74 72 72 72 68 70 71 72 70 70 70 70 69 69 67 68 68 67 67 66 66 65 65 66 66 67 67 67 68 68 68 68 68 67 66 66 66 63 59 58 58 57 57 57
80 78 77 77 81 80 80 77 77 77 78 78 78 79 79 78 80 80 78 79 80 79 78 78 78 77 78 78 76 77 76 77 77 76 76 76 74 74 74 75 76 76 75 75 74 75 76 75 75 75 75 73 73 74 70 70 69 72 72 72 69 69 71 68 69 69 69 70 70 66 66 66 67 66 66 65 65 68 68 68 68 68 68 68 67 67 68 66 66 65 67 65 65 62 60 57
81 82 81 81 81 81 78 77 77 77 77 80 80 79 78 79 80 78 79 79 79 79 77 78 78 78 78 78 77 77 77 77 76 76 76 75 74 75 75 75 74 75 76 76 76 75 75 74 74 76 76 74 74 73 70 71 70 70 73 73 72 72 71 72 70 70 70 69 69 66 66 68 68 66 66 66 67 67 69 69 68 67 67 67 67 67 66 62 62 63 66 65 65 65 59 57
81 81 80 77 79 77 78 80 77 77 77 78 79 78 81 79 79 79 80 80 77 79 79 79 78 78 78 78 78 77 77 76 77 76 75 75 76 76 76 76 76 76 76 77 75 75 76 76 76 75 76 75 75 73 73 71 69 69 71 73 72 72 70 70 68 71 71 70 70 68 68 68 68 66 67 67 67 67 68 68 68 68 67 65 65 66 62 59 59 59 61 62 63 63 58 58
81 81 79 81 79 81 81 80 80 79 79 76 77 77 81 80 79 79 78 77 79 77 80 78 79 79 79 78 78 78 76 77 77 77 76 76 76 76 76 75 75 74 76 76 76 76 76 76 76 76 75 75 75 75 75 73 71 71 73 73 70 70 70 70 70 70 70 71 72 69 69 69 67 68 68 68 69 68 68 69 69 67 68 67 67 63 62 62 60 60 58 58 65 65 64 64
78 82 77 79 78 78 78 80 81 77 80 76 79 79 79 77 77 79 79 78 77 79 79 79 79 78 78 78 78 78 77 77 77 78 77 77 76 76 75 76 77 77 74 76 76 76 76 76 76 76 76 75 75 75 74 73 72 72 76 76 72 71 71 70 70 70 70 71 71 68 70 70 68 69 68 68 68 69 70 68 68 69 69 67 67 64 61 60 59 59 57 57 61 61 61 61
78 77 81 81 81 82 81 81 80 80 76 79 79 79 79 80 80 79 79 79 76 79 79 79 78 79 78 78 78 77 77 77 77 77 78 78 77 76 76 77 77 76 76 77 77 76 77 76 76 76 75 75 76 76 74 75 77 75 75 76 73 72 72 73 71 71 70 70 70 71 70 70 69 71 71 70 70 67 68 68 68 67 70 70 67 67 60 59 56 56 57 58 58 59 58 59
81 81 83 79 79 78 80 78 79 79 79 78 80 80 80 80 80 81 79 79 78 79 79 79 78 77 77 78 78 79 77 77 77 76 77 77 77 77 75 76 76 76 76 76 76 76 76 76 76 76 76 76 76 76 76 76 76 77 77 75 74 72 72 72 74 70 71 71 74 71 70 70 70 70 70 68 68 67 68 68 68 68 68 67 66 66 64 59 57 57 57 58 58 57 58 59
80 82 78 82 82 78 78 82 78 78 81 81 77 80 76 80 79 80 80 79 78 80 80 79 78 78 78 78 79 78 77 77 77 77 77 76 76 77 77 75 75 74 75 76 77 77 77 76 76 76 76 76 76 72 72 74 75 73 73 76 75 75 75 75 74 74 70 70 71 70 70 69 69 69 70 69 69 67 66 66 66 66 66 67 66 66 66 65 65 58 57 58 57 59 59 58
78 81 76 79 78 78 77 82 81 81 80 81 77 79 79 80 80 80 80 80 80 80 80 80 79 77 79 79 78 78 76 76 76 77 77 77 77 76 77 76 76 76 77 76 76 76 76 76 76 76 76 75 73 73 73 74 76 74 74 74 75 75 76 76 74 71 71 71 71 71 69 70 70 67 68 68 68 66 67 67 66 66 67 68 67 67 68 67 64 61 58 58 58 57 57 59
76 76 76 81 81 81 81 82 79 79 79 78 81 79 79 78 79 79 79 79 81 80 77 77 77 78 78 78 78 79 79 78 78 77 77 77 77 77 78 77 78 78 78 77 76 76 76 76 76 76 76 73 72 74 74 74 73 74 73 73 75 76 76 76 73 72 72 72 72 71 68 70 70 70 67 69 67 67 65 67 66 66 66 67 67 67 66 68 66 66 66 62 59 60 57 57
83 83 78 83 82 82 82 81 80 78 78 82 81 80 80 79 79 79 80 80 80 76 77 77 78 79 78 78 78 78 79 79 79 79 78 78 78 78 78 78 76 76 77 76 76 75 75 76 76 77 77 73 73 75 76 76 74 74 74 74 75 75 75 76 74 71 71 71 71 70 70 69 71 69 69 67 67 68 66 66 65 66 67 67 65 66 66 65 65 65 66 65 66 63 57 57
78 78 83 84 83 82 82 82 82 82 82 81 80 80 80 80 79 80 81 81 80 79 79 79 79 79 79 78 78 78 79 79 79 79 78 78 78 78 78 78 77 77 77 77 77 77 77 76 77 76 76 77 76 76 76 76 75 75 76 76 76 76 75 73 71 73 72 69 69 69 69 69 70 68 68 67 70 70 68 66 66 64 66 64 66 64 64 66 64 63 63 63 61 60 59 59
78 78 84 84 83 83 83 82 82 82 82 81 81 81 80 80 79 80 81 81 80 79 79 80 80 79 78 78 78 79 79 79 79 79 78 78 78 78 79 78 77 77 77 77 77 78 78 77 77 76 76 76 76 76 77 77 77 76 75 75 76 76 74 73 74 74 72 72 72 69 69 69 69 69 69 67 67 68 67 67 66 65 66 62 62 62 66 62 58 58 60 60 59 59 58 58
77 78 78 84 83 83 83 83 82 82 82 82 81 81 80 80 79 80 80 81 81 79 79 80 80 79 78 78 78 78 79 79 79 79 78 78 79 79 79 78 78 77 77 77 77 78 78 77 77 76 76 76 76 76 77 77 77 76 75 75 76 76 74 73 73 74 72 72 72 69 69 69 69 69 69 67 67 68 67 67 66 65 65 66 62 62 66 62 58 58 60 60 60 59 58 58
84 83 83 82 82 82 82 83 82 82 82 82 78 82 81 81 80 80 79 78 78 79 80 80 80 78 79 79 78 78 79 78 79 79 78 78 79 79 79 78 78 77 77 77 77 78 77 77 77 77 76 76 76 77 75 76 77 76 76 76 72 72 72 73 72 71 72 72 72 69 69 68 70 69 68 68 67 68 66 66 66 66 66 62 62 64 66 65 65 62 57 57 58 57 58 58
79 83 83 83 82 82 82 82 82 82 83 83 82 81 81 80 80 79 80 79 79 74 80 80 79 79 76 78 80 80 77 80 80 77 78 79 79 79 79 78 78 77 77 77 77 77 79 78 77 76 76 77 76 76 76 77 76 76 76 76 75 72 70 73 72 72 71 70 70 70 71 69 67 68 70 68 69 67 67 66 66 63 66 62 60 64 62 62 59 61 56 56 58 58 61 61
85 84 84 84 82 83 82 82 82 83 82 82 82 80 81 81 81 80 80 79 79 79 80 80 79 79 78 79 78 78 77 79 76 77 79 79 79 79 78 78 78 77 77 77 78 78 78 78 77 77 77 78 76 77 77 77 76 76 76 76 74 71 70 71 72 71 71 71 70 71 72 70 68 68 67 67 68 69 69 67 66 65 65 62 62 59 58 58 57 61 57 57 57 57 57 58
83 85 84 84 82 83 83 83 82 82 83 82 82 80 81 81 81 80 80 80 79 79 80 80 79 79 78 78 79 78 77 79 76 77 79 78 78 78 78 78 78 77 77 78 78 78 78 78 77 77 78 78 76 77 77 76 76 76 76 76 74 71 70 71 72 72 71 71 70 71 72 70 68 68 68 67 68 69 69 67 66 65 65 65 62 59 58 58 57 61 57 57 57 57 57 58
77 85 78 78 83 83 83 83 82 81 81 81 81 82 82 82 81 81 80 81 81 78 78 78 81 81 80 79 79 79 78 79 79 80 77 79 79 79 79 77 76 76 77 77 78 78 77 78 78 78 78 78 78 78 77 77 77 76 76 76 71 71 71 72 71 71 70 70 69 71 71 70 71 70 70 68 66 68 69 69 68 68 61 61 60 58 57 58 58 63 61 61 61 67 59 59
83 83 83 83 83 84 84 83 82 83 79 82 82 82 83 82 80 80 80 81 79 79 80 80 81 80 80 79 79 79 79 79 79 79 78 75 78 77 77 77 79 80 76 76 78 78 78 78 78 78 78 77 77 77 78 77 77 77 76 76 74 74 71 70 71 71 71 70 70 73 73 69 69 70 70 70 70 68 67 67 68 68 63 63 63 61 64 66 66 65 67 64 64 64 62 60
82 83 83 83 83 84 84 83 82 82 83 79 82 82 83 82 80 80 80 80 81 79 80 80 81 80 80 80 79 79 79 79 79 79 78 75 78 78 77 77 79 80 76 76 78 78 78 78 78 78 78 77 77 77 78 78 77 77 76 76 74 74 71 70 71 71 71 70 70 73 73 69 69 70 70 70 70 68 67 67 68 68 66 63 63 61 64 66 66 65 67 67 64 64 62 60
82 77 82 83 83 83 82 82 83 78 78 82 83 83 83 82 82 82 81 81 81 80 78 78 81 81 81 77 80 79 80 79 80 77 79 79 78 80 79 79 76 79 77 78 78 77 78 77 77 78 77 77 77 77 78 77 77 77 77 76 75 75 75 74 71 72 72 72 72 72 72 72 70 69 68 68 69 68 68 68 68 67 65 62 62 62 67 67 67 67 65 67 67 67 61 58
