maxent/maxent_rasters/pH.asc
ncols        1049
nrows        959
xllcorner    -124.500000000000
yllcorner    32.500000000000
cellsize     0.010000000000
NODATA_value -9999
[rows 540 to 584 of 959, columns 576 to 671 of 1049]
55 58 54 54 54 53 56 54 54 54 55 55 54 54 56 58 57 57 57 58 58 58 58 57 57 56 56 56 56 55 56 56 57 56 57 57 57 58 59 59 59 61 67 67 65 65 67 65 70 70 69 68 68 68 76 76 75 78 78 79 79 77 78 77 80 79 83 86 86 86 85 80 77 74 73 72 72 72 69 70 72 72 72 73 73 77 77 82 83 85 86 86 85 88 89 89
54 57 55 54 54 53 56 54 54 54 56 54 54 54 57 56 56 56 56 57 60 57 57 57 57 57 56 56 56 56 56 56 55 55 56 56 56 57 58 59 59 59 59 59 60 60 66 67 66 66 69 72 69 67 73 75 77 76 76 77 77 78 77 77 79 77 82 82 84 82 84 81 77 72 74 73 73 69 68 69 70 68 69 73 76 76 78 78 80 82 83 86 88 88 88 88
54 58 55 54 54 54 55 54 54 54 56 54 57 57 57 54 58 57 57 58 56 57 57 57 57 56 57 57 57 57 55 55 55 56 56 57 57 57 57 57 59 59 58 60 59 59 66 66 66 69 70 72 70 66 68 74 74 76 77 77 78 79 79 79 79 79 78 82 82 83 83 83 79 77 77 76 72 70 68 69 68 68 68 72 73 77 74 75 78 83 83 83 86 88 88 89
56 54 56 55 56 56 56 55 55 55 55 54 55 55 55 55 55 57 57 57 55 55 57 57 56 56 57 57 57 56 56 56 56 55 56 57 57 58 58 57 58 58 62 61 60 60 62 66 67 66 68 72 69 69 69 66 75 76 76 76 76 78 76 76 79 80 80 79 83 85 84 84 84 82 81 73 73 73 69 68 66 66 71 73 74 73 78 80 82 81 81 83 86 87 87 88
55 55 54 56 55 55 55 54 55 55 55 54 54 54 54 55 56 56 56 56 55 58 57 57 56 57 56 56 56 56 55 56 56 56 57 57 57 56 57 59 60 60 63 61 61 62 61 62 67 65 69 72 72 70 70 68 74 76 78 77 77 77 77 76 79 82 81 83 84 85 85 83 83 83 81 77 71 73 73 70 67 67 71 72 73 75 78 78 75 78 78 84 86 87 87 87
55 55 55 56 56 56 54 54 54 55 55 54 53 53 53 53 56 55 55 55 56 55 56 56 56 58 57 56 56 56 55 57 57 56 57 57 57 56 58 58 60 60 60 60 62 61 63 66 66 67 67 69 72 71 70 66 69 76 76 76 77 77 76 76 80 81 83 85 85 84 83 83 83 81 80 76 76 76 73 70 66 66 68 69 74 74 74 73 73 73 73 83 84 84 84 84
57 57 57 58 58 58 58 55 55 55 55 55 55 55 54 54 54 55 54 54 53 54 54 54 56 56 57 55 55 55 55 59 58 57 58 56 56 56 56 57 58 60 61 61 61 59 59 60 64 65 65 69 71 71 71 71 70 67 69 75 76 75 76 76 76 77 80 82 82 82 83 80 82 82 83 82 76 76 73 72 70 69 69 68 70 68 68 70 71 74 74 74 79 82 84 84
57 57 57 57 56 56 56 56 55 55 55 54 55 55 54 54 54 55 55 55 53 54 54 55 56 55 55 55 55 56 55 58 61 58 58 57 57 56 58 57 58 59 60 61 61 60 60 61 61 65 66 68 70 70 71 71 69 67 66 74 76 76 76 75 75 76 81 78 78 82 82 82 83 83 82 80 71 71 73 73 70 69 69 68 67 68 68 70 70 73 74 74 74 79 83 83
59 59 59 57 59 57 57 59 55 54 55 55 54 55 54 54 54 54 55 54 55 55 55 56 56 56 55 55 55 55 55 57 60 60 57 57 56 57 57 57 56 57 57 57 58 59 60 61 60 66 65 65 66 70 70 70 70 68 65 70 70 74 74 75 75 77 81 77 77 77 79 80 85 85 81 78 77 77 77 73 73 70 70 69 69 69 70 70 70 71 72 72 73 78 78 80
58 57 57 57 57 59 59 57 55 55 54 55 55 54 54 54 55 54 54 55 56 56 56 56 56 56 55 55 56 57 56 61 61 59 58 58 59 60 57 56 56 56 56 58 59 60 61 61 61 61 67 67 65 69 71 71 70 70 70 68 68 68 75 73 73 78 78 79 77 77 80 81 82 82 84 84 81 76 76 71 73 72 72 72 72 72 72 72 72 70 70 70 70 73 75 78
58 57 57 57 57 58 57 57 57 57 55 58 58 56 57 58 56 56 57 56 56 55 57 56 56 55 55 55 55 55 58 57 60 63 59 58 57 56 56 56 56 56 58 59 59 60 61 61 62 62 65 65 65 67 71 71 71 70 67 66 66 75 75 71 71 71 73 77 77 77 79 81 84 84 84 85 83 76 76 74 73 73 73 73 72 72 72 72 72 69 69 70 70 73 73 76
58 58 57 60 59 58 58 57 58 55 55 60 57 57 62 58 60 58 57 57 55 55 55 56 56 55 55 55 55 56 56 59 63 60 61 58 58 56 56 55 57 57 58 59 59 59 62 62 61 62 67 67 66 67 70 72 72 69 68 72 72 74 74 73 73 73 76 76 77 77 81 81 80 85 85 83 83 77 77 76 74 73 73 73 73 71 71 71 71 72 69 69 69 73 74 78
57 57 58 59 58 58 58 58 58 60 58 58 57 57 57 62 62 59 57 56 55 56 56 57 58 58 56 56 55 56 57 57 59 59 59 60 59 58 58 57 58 59 59 59 60 61 60 60 61 60 61 61 61 63 67 70 70 70 70 63 63 63 69 74 75 75 74 77 80 80 80 79 82 82 82 83 83 83 82 82 78 77 78 78 73 74 74 74 74 73 73 72 72 73 73 73
57 57 59 59 58 58 58 58 58 58 57 58 57 57 56 56 57 59 57 56 56 56 57 57 57 57 56 55 55 55 55 56 56 58 58 62 58 58 58 57 58 58 59 59 59 60 61 61 60 60 60 60 60 60 66 68 68 70 70 68 64 64 66 74 74 74 75 75 78 81 81 81 81 82 82 84 85 86 84 84 81 77 78 78 78 73 72 72 72 74 74 73 73 70 72 73
58 58 58 58 57 57 58 58 58 59 58 58 58 56 56 63 60 57 56 55 55 55 56 56 57 57 56 55 54 54 54 55 56 57 57 62 60 56 56 56 58 58 59 59 60 60 59 59 59 60 62 60 60 63 67 68 68 68 70 69 66 66 70 75 74 74 74 75 78 79 79 79 84 84 85 85 83 86 86 86 83 78 78 77 77 74 73 72 72 74 74 74 73 73 73 74
62 61 64 65 65 64 60 61 61 59 58 57 57 57 56 55 58 58 58 56 55 55 55 55 56 56 56 56 56 58 58 56 57 58 58 58 58 59 58 58 58 59 60 60 60 59 60 60 60 59 60 60 60 60 64 63 66 66 66 71 71 71 71 73 75 75 75 74 76 76 79 79 81 84 85 85 81 81 81 86 87 84 83 84 84 79 80 80 78 78 73 74 73 73 71 70
64 65 62 59 59 60 60 58 58 59 59 57 57 56 59 59 58 58 56 56 55 55 55 56 57 57 57 59 57 58 58 58 57 64 59 59 59 59 59 59 58 58 58 59 59 60 60 60 60 59 60 60 60 60 58 62 65 65 66 68 71 71 71 71 73 74 74 74 75 75 78 78 85 86 85 85 85 81 81 86 88 86 85 84 84 83 80 81 80 78 78 74 73 73 73 72
60 60 60 58 58 59 59 57 57 57 58 58 58 58 59 61 58 58 56 55 58 58 58 55 58 58 58 59 59 58 58 58 59 63 59 59 61 58 58 58 58 58 59 59 59 59 60 60 60 60 63 62 63 63 59 63 63 65 65 65 67 69 69 66 69 69 75 73 74 75 78 78 85 86 86 84 85 83 82 87 87 87 87 87 84 82 82 83 79 77 78 76 76 73 73 73
58 59 59 57 57 58 58 57 57 58 57 57 57 57 58 62 57 57 57 55 55 53 53 55 57 59 59 59 58 59 59 59 58 60 58 58 58 60 59 59 59 59 59 59 59 59 60 60 60 60 62 63 62 62 61 60 59 60 60 65 65 70 70 71 70 71 77 74 75 75 75 75 79 84 85 86 86 85 86 87 87 86 86 85 85 84 84 83 81 81 80 78 79 78 74 74
62 58 58 58 58 58 57 56 56 56 57 57 57 57 59 58 58 58 58 56 55 54 54 55 59 57 57 57 60 60 59 59 56 58 61 61 61 62 60 61 61 58 59 59 59 59 60 60 60 60 62 61 61 60 59 59 58 58 58 64 66 66 67 72 71 69 74 73 74 75 75 77 77 80 85 85 86 85 86 86 87 86 87 83 83 84 83 82 82 82 81 78 78 78 73 74
62 59 58 57 57 56 57 56 57 57 56 55 55 55 56 58 59 58 58 56 56 56 56 56 60 56 59 59 58 57 56 56 56 64 61 60 60 58 57 58 58 60 59 58 56 56 56 59 59 59 61 61 61 58 58 58 58 57 57 58 63 63 66 67 72 72 77 77 74 75 75 77 78 84 84 85 85 85 86 87 86 85 86 86 86 86 85 82 84 82 82 80 78 78 78 78
58 58 58 58 58 58 58 56 59 59 58 56 55 55 55 54 59 59 59 57 56 55 55 55 56 56 55 55 56 56 57 57 57 63 62 60 60 60 59 59 59 59 60 59 59 59 59 58 58 59 60 60 60 58 57 58 58 58 58 58 61 65 65 65 68 72 72 69 75 72 75 79 81 85 85 85 85 85 85 83 83 84 85 86 86 85 86 85 85 84 84 83 83 78 78 78
57 57 57 58 63 63 58 58 57 57 57 57 62 58 58 56 56 56 56 56 55 56 55 55 56 55 60 60 56 56 57 56 56 62 64 62 62 59 58 58 58 58 55 59 59 59 60 60 58 61 59 60 58 58 58 58 61 61 60 61 62 65 66 66 67 67 73 68 76 74 78 81 81 84 85 86 86 85 83 83 83 83 82 85 85 85 85 88 86 85 85 84 82 78 78 78
57 57 57 58 58 58 58 58 57 57 57 56 57 57 57 59 59 60 57 57 56 56 56 56 58 61 55 59 59 61 57 58 58 60 62 60 62 60 60 59 58 58 58 58 58 59 58 60 57 57 57 58 58 59 59 62 61 62 59 59 61 63 66 65 69 67 68 70 70 76 73 78 82 81 85 85 85 85 83 84 83 83 83 84 86 87 87 87 87 86 86 85 84 80 80 80
59 59 60 56 56 57 57 58 58 57 57 56 55 55 56 56 56 58 57 57 55 55 55 56 58 55 55 55 55 62 62 62 64 64 58 59 59 61 60 59 59 57 57 58 58 59 60 60 61 61 58 56 58 58 60 61 61 62 62 58 58 59 65 65 73 72 71 71 71 76 72 78 80 83 84 85 85 85 82 82 84 84 85 87 87 86 86 87 88 86 86 85 84 83 80 80
58 58 59 59 60 57 57 57 57 58 58 60 55 55 54 54 56 58 57 57 56 56 55 57 56 58 57 55 55 55 57 56 62 61 58 58 59 59 61 60 59 58 59 58 59 59 59 62 61 61 59 59 59 58 58 58 58 59 58 58 62 62 66 68 68 70 73 71 71 74 77 78 80 80 82 83 85 85 84 84 84 84 84 86 87 86 86 86 86 86 86 86 85 83 80 80
64 62 62 58 58 57 57 57 57 57 61 59 55 54 53 53 57 58 58 57 56 56 53 56 56 56 57 57 57 56 57 57 63 60 60 61 61 61 60 59 59 58 59 58 59 59 59 62 61 60 59 58 58 59 58 58 58 60 61 62 63 61 65 66 66 69 71 76 76 74 77 77 78 78 79 83 84 84 83 85 85 85 85 86 85 86 86 87 86 87 88 88 85 83 81 81
59 58 58 58 58 58 58 57 57 56 55 58 58 57 58 58 54 54 56 56 56 55 56 56 56 56 56 57 59 59 64 60 64 64 60 62 60 62 60 59 57 59 59 59 57 58 60 61 58 59 60 60 59 59 60 60 61 60 62 62 62 63 63 66 66 68 72 77 77 77 74 78 79 79 80 83 86 86 86 85 84 85 85 85 85 85 85 85 87 87 88 88 83 82 78 78
58 58 58 58 57 57 57 57 57 56 57 58 57 56 56 56 56 55 56 55 56 58 55 55 55 56 57 59 60 56 56 61 61 60 60 58 61 60 59 58 59 59 59 60 58 60 58 59 61 62 61 61 60 60 61 61 63 64 64 61 61 60 61 66 66 68 68 70 75 75 75 78 79 79 78 83 85 85 85 86 86 84 84 84 85 86 87 87 87 88 86 86 83 83 79 78
58 57 57 58 57 57 57 57 57 56 57 57 56 59 56 56 55 55 56 56 56 56 57 56 55 56 57 60 57 57 58 56 57 59 60 61 62 60 60 57 60 61 58 57 61 61 58 58 60 61 62 62 62 64 58 58 58 61 59 60 60 62 63 66 66 66 67 72 71 71 76 76 79 79 79 82 85 86 86 86 87 86 86 86 86 88 87 87 88 87 85 85 85 83 80 79
57 57 56 57 57 56 56 56 55 56 56 54 55 55 57 56 56 57 57 57 58 57 56 55 55 56 57 57 57 59 61 58 62 60 60 62 62 59 59 57 61 59 58 60 61 61 59 59 62 62 62 62 63 63 62 62 62 61 60 60 60 59 63 66 67 67 68 72 72 72 72 76 78 78 78 83 86 86 86 87 86 85 86 86 87 87 87 87 87 87 85 83 83 82 82 82
61 60 58 57 56 56 56 56 55 54 55 56 58 57 58 57 57 56 57 59 58 59 57 57 58 58 57 58 60 56 55 56 64 61 61 62 58 64 64 59 62 61 62 62 60 59 61 61 64 60 63 63 63 63 62 63 63 60 60 59 59 59 61 67 67 67 72 71 77 77 77 72 78 78 78 81 86 87 87 87 86 86 86 86 86 86 86 86 86 85 83 85 85 84 83 81
57 58 57 57 57 57 57 56 54 54 54 55 55 55 56 56 56 58 58 56 62 62 58 62 60 60 58 58 57 59 59 60 61 60 60 59 63 59 59 59 59 60 59 59 59 61 63 63 63 62 64 64 64 64 64 62 62 62 61 60 59 59 64 66 68 68 68 67 71 71 71 75 78 80 80 80 84 83 85 85 86 86 86 86 86 86 86 85 85 85 85 83 83 83 84 83
58 58 58 58 56 57 57 55 54 54 54 54 54 56 55 57 55 59 57 57 57 57 60 62 60 60 60 60 60 57 57 58 57 60 60 61 59 59 58 58 59 59 60 60 59 59 61 64 64 64 65 64 64 64 64 63 65 65 63 62 60 60 61 63 65 67 67 70 72 71 71 69 77 80 84 84 85 83 85 85 86 86 86 85 85 86 84 85 85 84 84 83 83 83 83 83
58 58 58 57 57 57 57 54 54 55 55 54 54 54 55 55 54 54 55 56 57 57 59 58 63 63 63 62 59 61 61 58 64 61 61 61 59 60 59 59 59 59 62 62 62 62 59 63 63 64 65 64 64 64 64 64 64 64 64 63 61 61 61 63 65 65 65 68 73 78 78 78 79 81 85 85 85 85 85 85 87 86 85 84 84 83 81 82 82 82 81 81 82 81 81 81
58 58 58 57 56 56 56 55 55 55 54 54 54 55 54 54 56 56 56 56 57 57 59 58 58 63 63 59 62 58 58 56 62 62 62 62 59 60 58 58 58 57 57 57 57 58 57 60 60 62 61 65 66 66 66 66 64 64 64 64 64 63 63 60 64 66 66 69 69 73 76 76 78 82 84 84 85 85 86 86 85 85 84 82 82 81 81 81 81 78 79 79 80 78 80 80
58 58 58 57 57 56 56 55 55 55 54 54 54 54 55 54 56 56 56 56 57 57 57 59 58 63 63 59 62 58 58 58 56 62 62 62 59 60 58 58 58 58 57 57 57 58 57 60 60 60 61 65 66 66 66 66 64 64 64 64 64 63 63 60 64 66 66 66 69 73 76 76 78 82 84 84 85 85 86 86 85 85 84 82 82 80 81 81 81 78 79 79 80 80 78 80
57 57 57 57 57 59 58 56 56 55 55 54 53 53 55 55 57 57 57 57 60 57 57 60 58 62 62 61 61 56 60 60 58 61 61 61 59 61 62 57 57 58 57 57 57 58 57 58 58 58 59 64 61 61 65 65 65 65 65 64 63 60 60 60 60 67 67 66 71 77 76 76 78 78 82 84 85 84 87 85 84 83 83 82 80 80 78 78 78 74 74 74 78 78 79 79
61 57 58 58 58 57 57 57 57 57 56 54 53 53 55 56 55 55 55 56 57 58 58 58 58 61 61 61 57 58 59 59 57 61 60 60 60 59 59 57 57 59 58 58 58 58 56 57 58 58 58 61 62 62 63 63 65 64 64 62 64 60 60 61 65 67 68 73 70 77 76 76 76 78 82 81 80 84 85 84 84 83 82 80 80 78 78 79 73 73 73 74 75 73 79 79
58 57 58 57 57 57 57 57 56 56 54 58 54 54 57 57 55 57 57 57 59 64 64 60 58 58 58 58 59 59 57 57 63 59 59 58 58 60 60 60 60 58 57 58 58 58 58 59 58 58 57 58 58 59 60 65 66 65 65 65 64 63 60 62 66 66 72 72 77 77 77 76 78 77 82 81 83 83 83 85 84 82 81 80 80 77 78 78 77 71 73 72 73 73 73 78
58 57 58 58 57 57 57 57 56 56 54 58 58 54 54 57 55 57 57 57 59 59 64 64 58 58 58 58 59 59 57 57 57 59 59 58 58 60 60 60 60 60 57 58 58 58 58 59 58 58 57 58 58 59 60 65 66 65 65 65 64 63 60 62 66 66 72 72 72 77 77 76 78 77 82 81 81 83 83 85 84 82 81 80 80 80 77 78 77 71 73 72 73 73 73 73
58 58 59 57 57 57 64 58 58 58 58 60 57 54 54 55 56 56 56 56 59 59 60 60 60 58 58 60 60 58 58 60 60 62 60 60 58 62 59 61 62 62 59 57 61 61 58 57 57 58 58 57 58 58 58 63 59 58 58 58 59 59 59 59 58 65 65 68 72 77 77 77 77 77 80 79 83 81 81 80 79 79 79 79 79 78 77 77 73 74 74 73 75 74 74 74
57 57 56 56 58 58 58 58 58 62 62 58 63 56 56 56 56 60 57 57 59 60 60 60 60 59 60 60 60 58 57 60 60 61 62 59 58 63 61 60 58 58 62 59 58 59 59 58 61 59 58 58 58 58 60 58 58 58 59 59 59 59 61 60 61 66 67 69 73 73 73 77 77 77 79 78 81 81 81 79 80 80 79 78 79 78 72 72 72 74 74 75 74 73 73 73
57 57 56 56 56 58 58 58 58 62 62 58 63 63 56 56 56 60 57 57 59 60 60 60 60 59 60 60 60 58 57 57 60 61 62 59 58 63 61 60 60 58 62 59 58 59 59 58 61 61 59 58 58 58 60 58 58 58 59 59 59 59 61 60 61 66 67 69 69 73 73 77 77 77 79 78 81 81 81 79 80 80 79 78 79 78 78 72 72 74 74 75 74 73 73 73
57 57 57 55 55 56 56 58 58 57 57 57 56 60 58 58 57 58 58 58 60 60 60 61 59 59 60 59 59 59 58 57 64 61 62 64 65 65 65 58 65 61 60 63 64 62 60 60 58 56 57 58 58 60 60 61 61 59 62 62 60 61 61 65 65 65 64 70 70 72 74 77 78 78 78 79 78 78 80 78 78 78 79 79 79 72 72 72 73 73 73 73 73 73 73 73
