maxent/maxent_rasters/pH.asc
ncols        1049
nrows        959
xllcorner    -124.500000000000
yllcorner    32.500000000000
cellsize     0.010000000000
NODATA_value -9999
[rows 225 to 269 of 959, columns 384 to 479 of 1049]
61 61 61 62 62 62 61 60 60 60 61 61 61 61 60 60 60 62 61 61 62 63 63 64 64 63 62 65 67 67 72 72 68 67 68 68 68 67 67 67 69 69 69 70 78 78 71 65 68 67 67 71 72 69 69 68 72 74 74 75 76 78 76 74 74 74 68 68 68 70 73 73 72 72 72 72 70 71 71 72 72 78 77 77 76 75 75 75 76 75 75 78 81 81 84 86
61 61 60 61 60 60 60 60 60 62 61 61 61 61 61 61 61 61 61 63 61 61 61 62 62 65 65 66 66 69 72 74 71 68 72 72 72 73 68 68 70 75 75 72 80 80 80 73 70 73 73 76 75 72 68 68 68 72 76 76 78 75 75 72 72 72 69 68 68 69 71 71 72 72 72 72 71 72 72 73 73 76 77 76 75 75 75 73 77 79 79 80 79 79 84 84
62 61 61 60 60 61 60 62 62 62 62 60 60 61 61 61 62 63 62 62 62 63 63 64 65 65 66 68 68 72 72 73 73 73 73 75 79 75 71 71 75 78 78 78 81 82 82 75 75 72 72 76 74 72 72 67 69 74 74 76 76 77 77 74 72 72 69 68 68 70 70 70 70 71 71 71 72 72 73 73 74 74 74 75 74 76 74 76 76 78 78 80 79 82 82 84
61 62 62 61 61 61 60 61 62 62 62 61 61 61 62 62 62 64 64 64 63 61 61 63 64 64 66 68 72 72 76 75 75 74 76 73 76 76 83 82 79 80 82 82 82 78 78 78 78 76 73 73 73 73 73 73 73 73 73 79 77 77 75 72 70 70 69 69 66 66 69 69 69 71 73 73 73 72 73 73 72 72 72 73 72 74 74 76 74 73 74 74 81 82 82 84
60 61 61 61 61 61 61 62 61 61 61 60 61 61 62 62 62 61 63 63 63 63 64 62 62 63 63 65 68 68 71 75 75 76 76 77 78 77 80 84 82 82 81 81 83 82 80 80 79 79 77 77 78 77 74 74 70 74 74 77 77 75 74 74 71 70 69 69 68 68 69 69 69 69 70 70 70 70 71 70 71 70 72 72 72 76 77 73 73 73 74 74 80 80 81 81
60 62 62 62 61 62 62 62 61 61 61 61 62 62 62 64 64 64 62 62 62 61 62 62 63 62 62 65 68 68 70 73 75 75 76 76 76 78 81 80 83 83 83 82 82 82 79 79 76 75 78 78 78 75 74 74 72 74 74 77 75 75 75 73 71 70 70 68 68 68 67 68 69 69 69 69 69 70 71 70 70 69 70 75 75 76 74 72 73 74 74 74 81 82 83 83
60 61 61 61 61 62 62 62 61 62 63 61 61 61 62 62 61 61 62 62 62 61 61 61 61 63 63 67 67 67 67 74 75 75 75 76 77 76 76 80 84 83 84 81 81 81 77 77 73 76 76 78 78 73 69 69 69 72 75 75 76 73 73 74 70 69 70 70 68 66 68 68 68 68 69 69 69 69 71 70 70 68 69 76 76 76 75 73 73 75 75 79 80 83 82 82
60 61 61 61 61 60 60 62 61 61 61 62 64 62 62 61 61 61 62 61 61 61 61 61 63 63 62 66 66 68 68 73 73 73 74 74 76 76 77 81 83 82 84 83 78 78 76 73 73 72 74 76 76 68 68 68 68 72 76 76 78 73 73 73 69 69 69 69 69 68 69 69 69 69 69 69 70 70 71 69 69 70 73 77 77 77 74 75 75 75 78 81 82 82 82 82
59 60 60 60 60 61 61 61 61 61 61 64 62 61 62 61 61 61 61 61 61 61 63 63 63 61 64 66 66 68 68 73 73 68 68 74 78 78 79 82 84 82 82 82 83 81 79 75 71 70 72 74 74 69 69 69 69 73 77 77 74 76 74 74 73 69 69 69 68 69 69 69 70 70 69 70 71 71 72 70 70 70 71 76 76 76 74 73 73 74 81 82 82 82 81 81
60 59 60 60 60 61 60 60 62 62 62 61 61 62 62 61 62 62 61 61 62 62 61 62 62 62 62 66 66 66 68 71 72 73 73 74 82 82 80 80 84 84 83 82 81 80 78 73 73 69 69 69 69 69 68 68 68 75 75 75 75 75 74 74 70 70 69 69 68 68 69 69 70 69 69 70 72 72 70 70 72 72 71 76 75 75 73 72 72 72 78 80 81 82 80 78
59 59 60 60 60 60 60 60 61 62 62 62 63 62 61 61 62 61 60 63 62 62 62 62 63 64 64 64 66 66 67 70 73 74 74 72 71 82 82 83 88 88 85 80 81 79 79 75 73 69 68 64 66 69 71 71 71 73 72 74 74 74 72 72 70 69 69 69 69 69 68 69 69 69 72 72 73 74 74 72 73 73 72 75 75 75 75 72 75 75 78 81 81 80 74 74
59 59 59 60 60 61 61 61 61 61 61 61 62 61 61 60 61 61 61 61 60 61 62 62 62 63 65 64 66 66 69 71 73 73 74 74 75 81 81 87 93 93 85 85 80 80 78 73 71 68 66 64 65 65 68 68 72 69 69 71 71 72 71 71 71 70 69 69 68 69 69 69 69 69 72 73 73 73 73 73 73 73 72 72 73 74 74 74 79 79 80 81 80 80 80 73
58 59 59 59 59 59 59 60 60 60 61 61 61 61 62 62 62 61 63 61 62 62 62 65 65 63 66 66 66 67 67 68 71 73 75 75 80 80 79 79 82 80 80 81 74 74 70 70 67 67 63 63 64 63 63 66 67 67 68 69 73 71 71 70 70 68 69 69 69 68 72 72 73 74 72 74 73 73 73 72 71 72 72 72 71 71 71 75 79 79 79 81 77 77 73 72
57 56 58 58 58 59 59 60 60 60 60 60 60 61 60 60 60 61 61 61 61 61 62 63 63 63 66 67 67 67 68 69 71 78 78 80 80 81 81 81 81 80 80 81 76 73 73 70 63 63 62 62 63 63 63 62 66 67 68 69 72 71 72 70 70 70 68 69 69 69 72 72 72 72 73 73 72 71 73 72 72 72 72 73 72 72 71 75 78 81 81 81 73 73 73 72
56 57 58 57 57 57 58 59 59 59 60 60 60 61 61 61 61 61 61 61 62 63 63 63 64 64 66 67 67 68 68 70 70 71 75 76 81 77 79 79 78 78 79 79 75 72 72 66 65 65 63 63 62 62 62 65 66 68 68 70 70 70 69 70 70 70 69 69 69 72 71 71 71 72 73 73 72 72 71 72 71 71 71 73 72 71 72 76 80 80 80 80 77 74 74 80
57 56 57 57 58 58 58 57 57 57 60 60 60 60 60 60 60 61 61 61 62 61 61 66 67 67 67 66 66 66 69 68 68 71 72 77 79 77 77 77 77 76 76 76 74 68 68 67 68 66 66 65 63 64 64 65 65 66 66 68 69 69 70 71 72 72 70 72 72 72 71 70 70 71 72 72 70 73 73 73 72 72 72 75 72 72 75 79 79 79 79 79 78 81 81 84
55 57 57 57 58 57 57 57 56 56 57 58 58 58 60 60 60 60 61 61 61 61 61 66 69 69 69 65 67 67 68 68 68 68 69 69 71 72 72 75 75 74 75 75 72 72 71 71 67 67 67 66 64 63 63 63 63 65 65 67 68 69 70 71 72 72 72 71 73 73 70 71 71 71 71 71 71 70 72 74 72 75 76 76 79 79 78 77 77 77 78 78 78 81 81 81
56 56 56 57 58 57 57 58 57 58 57 58 58 58 60 60 60 60 61 61 61 61 62 62 67 68 68 65 67 67 67 68 68 68 66 68 68 63 63 70 66 72 72 74 72 71 72 72 66 68 68 66 66 64 63 63 66 66 66 67 68 69 69 69 71 74 74 75 77 77 70 71 71 71 71 68 68 72 76 76 73 75 77 78 79 79 74 78 77 74 78 78 80 82 82 82
55 56 56 57 57 57 57 58 56 56 57 57 58 58 59 59 60 60 60 60 60 61 62 65 66 68 68 66 67 67 67 65 65 65 65 67 62 61 62 62 62 64 65 71 71 70 64 64 63 63 63 63 63 64 63 63 64 67 67 67 68 70 70 69 73 73 74 76 77 77 74 69 71 71 70 70 70 74 75 74 74 75 77 81 78 77 73 75 72 72 74 77 80 81 81 81
56 56 56 56 57 57 57 57 57 57 57 58 57 59 57 58 57 57 59 60 60 60 63 65 68 67 67 66 65 66 66 64 61 61 64 66 64 64 62 61 61 65 68 68 69 66 66 67 63 63 61 61 60 61 63 63 63 63 64 64 65 69 69 69 73 73 73 72 75 75 72 69 69 69 72 73 73 73 75 75 75 75 75 76 78 72 75 74 74 72 72 80 80 81 80 80
57 56 56 56 56 57 57 57 57 57 57 58 58 59 58 57 58 58 58 60 60 60 62 62 62 67 67 67 66 66 66 61 62 62 62 63 64 64 61 62 61 64 67 67 69 68 66 65 63 63 63 63 61 61 62 64 64 64 63 63 65 68 68 68 69 72 73 72 71 71 71 69 71 71 72 72 73 73 74 75 75 75 74 71 71 71 72 72 72 72 80 81 83 83 81 80
58 56 57 57 57 58 58 58 58 58 59 59 59 59 59 59 58 59 59 60 60 60 61 64 63 66 67 67 65 66 66 65 63 64 64 64 62 62 62 62 63 63 65 65 65 67 68 68 65 66 63 61 61 61 62 60 60 63 64 64 64 68 66 66 68 69 69 69 69 68 68 69 71 71 70 70 68 68 68 69 70 70 72 70 70 71 72 73 74 74 78 79 80 80 80 80
55 56 56 57 57 58 58 58 58 58 57 57 58 58 59 58 59 59 59 60 60 60 61 61 61 65 66 67 66 65 65 61 64 61 61 61 61 61 61 61 61 61 63 64 65 65 63 65 66 65 64 62 62 61 61 61 60 59 61 65 65 65 64 64 67 67 68 68 67 67 66 67 68 69 69 69 69 69 69 69 70 70 72 72 72 72 72 73 79 79 79 78 80 81 82 82
55 55 56 56 56 57 58 58 58 58 57 57 57 57 57 59 59 58 59 59 59 60 60 61 61 63 67 66 67 66 65 65 65 60 61 61 61 60 60 61 62 62 62 61 62 62 63 65 64 64 61 64 64 61 61 60 60 60 62 62 62 62 64 65 65 67 69 69 67 66 65 65 66 67 69 69 69 71 71 71 72 72 72 74 72 72 71 76 78 79 78 79 80 80 82 82
55 58 58 55 57 58 58 57 57 57 57 57 56 56 57 57 57 57 59 59 59 60 60 61 61 63 67 67 67 67 66 65 64 61 61 61 63 63 63 63 64 61 61 61 62 62 63 64 63 63 63 63 62 62 61 59 61 62 62 62 62 63 64 64 64 65 66 66 66 66 67 67 67 67 67 69 70 70 70 71 71 69 69 73 73 73 75 79 79 79 78 78 80 80 81 82
56 59 58 59 58 58 58 57 57 57 57 57 57 56 56 56 58 56 57 58 58 60 60 61 61 61 61 66 66 66 66 66 66 61 62 62 63 63 60 60 63 63 63 61 63 63 63 61 63 63 62 63 63 62 60 59 59 59 62 62 63 63 63 65 65 66 68 64 64 64 65 65 65 65 67 69 69 69 69 70 70 70 70 74 74 74 74 79 79 79 79 78 80 80 80 79
58 58 58 60 59 59 59 58 58 58 57 56 56 57 56 56 56 56 57 57 57 58 58 60 60 60 61 63 63 66 66 67 67 62 63 62 61 61 61 61 62 62 62 62 62 63 63 61 63 63 63 62 62 62 60 60 60 59 62 62 62 63 63 64 66 66 65 65 65 64 64 64 64 64 67 67 67 69 69 69 70 72 72 74 75 75 75 79 79 79 79 79 80 80 80 80
59 59 59 59 59 59 59 59 58 58 57 58 58 57 57 56 56 57 57 57 57 58 58 59 60 60 60 61 61 61 61 62 62 64 61 61 60 61 61 61 62 63 62 62 61 61 61 63 62 62 62 63 62 61 61 61 60 59 61 62 62 64 64 64 63 63 67 67 67 68 68 65 65 64 69 69 69 69 69 70 70 72 73 75 76 76 76 80 81 79 79 79 80 80 80 80
60 60 60 59 59 58 58 58 58 58 58 57 56 56 56 57 57 57 58 58 58 58 58 60 59 59 59 60 61 61 61 61 61 60 61 61 61 61 62 61 61 62 63 63 62 60 60 60 60 62 62 62 62 62 59 61 61 60 60 62 63 64 68 64 64 64 65 65 66 66 68 67 67 68 70 70 71 71 70 70 72 73 72 77 77 78 78 80 80 80 80 80 80 80 80 80
58 59 59 59 58 57 57 57 57 57 57 57 56 56 57 57 57 57 57 57 57 57 57 60 59 60 60 60 60 60 60 60 60 60 61 61 61 61 61 61 61 61 62 62 62 62 61 61 60 62 62 61 62 61 61 61 60 62 62 63 62 64 64 66 66 65 67 65 66 66 69 68 68 70 71 70 70 69 70 70 70 74 77 79 79 79 80 79 80 80 80 80 80 80 80 80
54 55 55 54 55 56 56 55 56 56 56 56 56 56 56 57 57 57 58 58 58 57 57 57 58 58 58 60 60 60 60 61 61 61 60 60 60 60 62 61 61 60 61 61 63 60 60 60 61 61 62 62 61 62 62 61 61 62 62 62 63 62 62 66 68 67 68 68 68 70 70 69 68 68 68 69 69 70 70 72 73 75 76 77 78 79 80 80 80 80 80 80 81 81 81 81
56 56 56 56 55 57 57 57 56 56 56 57 57 57 58 57 57 57 56 57 57 57 58 58 58 58 59 60 60 60 60 62 60 60 61 61 61 61 61 63 63 61 60 61 61 60 61 60 59 61 61 61 62 61 61 61 62 62 62 62 62 64 64 67 68 68 68 69 70 69 70 70 70 70 69 69 69 70 71 73 74 75 78 78 78 79 80 80 80 80 80 80 81 82 81 81
57 55 55 56 56 56 57 57 56 56 55 56 56 57 58 58 57 57 57 58 57 57 57 58 57 57 58 59 60 59 59 60 60 61 61 61 61 61 61 61 62 62 62 60 60 62 62 60 60 60 61 61 61 65 62 62 62 62 62 62 62 64 64 64 66 67 68 69 70 74 70 70 70 69 70 68 70 70 71 74 74 76 77 78 78 79 80 81 81 81 80 81 81 81 81 80
56 55 55 55 55 55 54 54 55 57 56 57 56 56 56 56 57 57 57 58 57 57 58 58 58 59 60 59 59 59 58 59 60 60 60 62 61 61 62 62 61 61 61 61 61 60 61 61 61 60 60 61 61 64 62 62 63 62 64 64 64 61 63 63 67 68 68 70 69 69 69 70 70 70 69 70 71 71 71 74 75 76 77 78 78 79 80 81 81 83 83 81 80 81 80 80
58 56 57 57 55 55 55 55 55 55 56 56 56 56 56 57 57 57 57 57 58 58 57 58 58 58 59 59 58 58 59 60 59 59 59 61 60 61 61 61 61 61 61 61 61 61 61 62 61 61 62 60 60 62 61 61 61 64 61 62 62 61 64 64 65 67 68 68 68 69 69 69 68 68 69 70 71 71 71 74 74 75 77 78 78 79 79 80 81 81 81 81 80 79 79 79
56 56 56 56 56 56 56 56 56 56 56 56 56 56 58 56 56 56 57 58 57 56 56 57 58 58 59 58 59 59 59 61 61 61 61 61 61 62 62 61 61 61 62 62 62 62 60 60 60 60 62 60 60 62 61 61 61 60 61 62 62 60 63 63 63 62 68 68 67 68 68 68 69 69 69 69 69 69 69 74 73 73 75 78 78 78 79 80 80 80 80 80 80 79 79 79
57 57 56 56 56 56 55 55 55 56 55 55 55 55 56 56 57 56 56 56 56 56 56 57 58 58 58 59 60 60 61 60 60 60 61 61 61 62 62 62 62 62 62 61 60 60 61 61 61 60 60 62 61 62 62 62 62 60 60 61 61 60 59 61 61 64 66 66 66 67 67 67 66 67 69 69 69 71 71 70 70 70 70 77 79 79 79 80 80 79 80 80 81 81 80 80
55 57 57 56 56 56 55 56 56 56 56 56 56 56 55 55 57 56 56 56 56 56 57 57 60 58 58 59 59 59 58 59 58 58 60 60 61 62 62 62 61 62 62 61 60 60 60 60 62 62 61 61 61 62 62 62 63 61 60 60 61 60 59 61 61 63 65 65 65 62 64 64 65 65 66 67 68 68 68 70 71 72 72 77 78 78 79 80 80 80 80 81 80 80 81 80
55 57 57 58 58 59 58 57 56 56 58 55 55 55 56 57 57 56 57 57 56 57 57 58 58 57 58 59 59 57 57 56 56 57 58 58 59 60 60 60 60 61 61 61 60 60 60 61 61 61 62 62 61 61 61 63 63 61 61 61 60 60 60 60 62 62 63 63 63 61 63 63 63 60 61 61 62 63 66 66 68 70 70 73 78 79 79 78 79 79 80 81 80 80 80 79
59 59 57 57 57 57 57 58 56 56 58 58 56 56 56 57 57 56 56 56 56 57 57 57 57 56 57 57 57 57 57 57 57 57 58 58 58 58 58 59 60 61 61 61 61 61 61 60 60 60 60 61 61 60 61 62 64 62 62 61 60 62 63 63 66 66 60 60 60 60 60 60 60 58 62 62 61 61 65 65 67 69 71 72 78 79 79 78 78 79 79 79 80 80 80 81
56 55 56 58 59 56 57 56 56 57 58 58 57 57 56 55 55 57 57 56 56 55 57 56 56 56 56 56 56 56 57 57 57 58 57 57 58 58 59 60 62 61 60 60 61 61 60 60 61 60 60 60 62 63 62 62 63 64 63 61 61 62 63 66 63 63 61 60 62 62 60 60 60 58 59 59 59 61 62 64 66 68 70 71 79 78 78 78 78 78 78 79 80 80 80 81
53 54 56 57 59 59 55 56 58 58 59 57 56 56 55 55 57 57 57 56 56 56 56 56 57 57 55 56 56 56 55 56 58 58 58 53 57 59 60 60 61 62 62 61 60 62 60 60 60 60 60 60 61 60 60 67 67 63 62 62 61 64 64 65 63 63 60 62 60 60 59 58 58 58 57 59 59 62 62 61 65 69 69 69 71 73 78 78 78 78 79 79 80 80 80 79
54 53 53 54 57 59 54 55 58 59 59 60 60 59 56 56 55 55 55 56 56 55 55 56 56 56 56 56 56 55 55 56 56 56 56 56 58 58 59 59 59 60 61 61 60 61 60 60 60 60 60 60 60 61 61 64 65 64 63 61 61 63 63 65 64 60 60 61 60 60 58 58 58 58 57 58 58 59 62 62 62 64 66 69 70 70 78 76 77 79 79 80 80 80 79 78
53 54 54 55 57 58 56 55 56 56 58 58 58 57 57 57 56 56 57 57 56 56 56 56 56 56 56 56 57 57 57 56 57 57 57 58 59 59 58 59 58 59 60 60 61 59 59 60 59 60 61 61 61 63 63 64 64 67 67 62 63 63 63 65 63 59 60 60 61 58 58 58 58 58 57 59 59 58 58 62 62 66 68 69 69 71 73 73 76 79 80 80 80 79 78 78
52 56 56 56 57 56 56 54 58 57 56 58 56 55 56 57 57 55 56 56 56 56 56 57 56 57 57 57 58 57 57 57 57 58 58 58 60 60 60 59 59 59 60 60 60 60 61 59 60 60 61 61 60 61 61 61 64 62 62 61 60 64 64 63 63 60 61 60 59 59 59 58 57 57 56 58 60 60 60 63 63 64 68 69 70 70 71 72 77 78 80 80 80 79 79 79
