maxent/maxent_rasters/snowcover_depth.asc
ncols        1049
nrows        959
xllcorner    -124.500000000000
yllcorner    32.500000000000
cellsize     0.010000000000
NODATA_value -9999
[rows 153 to 203 of 959, columns 864 to 959 of 1049]
138 140 140 137 135 128 136 139 141 139 137 128 127 125 124 125 128 136 139 139 138 139 139 140 141 142 143 145 147 153 154 156 163 173 177 178 185 196 204 205 220 226 229 252 255 267 254 236 219 196 179 174 166 153 144 143 142 142 141 141 141 141 141 140 140 140 140 140 140 139 139 139 139 140 140 140 141 141 143 144 148 150 154 171 160 152 150 141 137 134 134 138 137 137 139 141
139 141 141 137 129 128 137 140 139 136 129 128 127 124 124 126 128 128 138 139 139 139 139 141 141 143 145 146 151 153 154 162 165 180 194 195 184 190 191 203 214 215 225 236 260 266 245 225 201 190 176 167 161 146 143 142 142 141 140 141 141 141 141 140 140 140 140 140 140 139 139 139 139 139 139 140 140 141 143 144 149 152 159 171 162 158 150 142 137 134 134 138 138 137 139 141
139 140 141 136 135 129 136 141 139 138 136 128 127 124 124 125 127 127 135 136 139 139 139 141 142 144 146 147 153 154 157 165 173 190 196 202 192 201 213 197 213 228 229 245 258 260 231 218 191 180 173 163 154 143 143 142 141 141 140 141 140 140 140 140 140 140 139 140 139 139 139 139 139 139 139 140 140 141 143 144 149 152 159 163 160 158 150 142 137 134 134 138 138 137 139 140
139 140 139 136 139 139 139 142 139 129 127 127 125 123 123 124 126 127 127 127 128 136 139 140 141 143 146 148 156 161 166 175 187 209 217 212 216 210 228 223 209 216 235 251 266 253 230 216 189 177 167 157 150 142 142 141 141 140 140 140 140 140 140 140 140 139 139 139 139 139 139 139 139 139 139 140 140 141 143 144 146 150 158 158 151 150 143 140 135 134 128 129 129 138 138 139
142 139 139 142 154 146 143 141 136 129 127 127 125 124 125 125 125 125 127 128 127 127 128 130 138 141 146 155 169 183 193 193 194 218 236 236 250 236 224 245 246 228 224 257 245 222 209 196 188 169 155 150 144 141 141 141 140 140 140 140 140 140 139 139 139 139 139 139 139 139 137 137 137 138 138 139 139 140 142 144 152 157 151 144 142 141 139 136 134 127 127 127 127 136 138 138
142 139 139 146 155 154 150 142 137 128 128 127 125 123 124 126 127 127 129 127 128 129 129 131 138 142 153 160 183 195 208 225 225 211 212 222 228 247 231 245 253 236 227 253 226 215 202 189 177 168 155 146 144 141 141 141 140 140 140 140 140 139 139 139 139 139 139 139 139 139 137 137 137 137 137 139 139 140 141 143 151 151 144 140 139 139 136 134 127 127 126 126 127 135 137 139
143 140 141 155 163 156 151 142 138 129 127 127 125 124 124 124 125 126 128 129 129 136 130 138 140 143 153 162 191 203 215 219 236 233 231 234 229 226 246 251 257 235 249 232 223 214 196 189 174 164 153 145 142 141 141 140 140 140 140 140 139 139 139 139 139 139 139 139 139 138 137 137 137 137 138 137 139 139 141 142 143 141 140 139 137 135 134 128 127 126 126 126 126 128 137 138
144 141 143 157 169 156 151 143 137 128 127 127 125 124 125 125 126 126 126 127 129 136 137 139 141 144 154 162 181 186 194 202 218 250 250 250 252 236 257 267 247 234 230 216 208 216 208 196 171 155 146 143 141 141 140 140 140 140 140 139 139 139 139 137 137 137 137 139 139 138 137 137 137 137 137 138 138 139 140 140 140 139 139 136 134 128 128 127 126 125 125 126 126 127 135 136
145 142 146 166 166 154 146 142 130 128 127 126 125 123 125 126 127 127 127 127 128 129 139 140 142 145 154 155 172 184 193 198 215 221 220 226 236 252 264 249 231 218 212 211 196 196 196 176 156 146 142 141 141 140 140 140 140 140 139 139 139 139 139 137 137 137 137 137 137 138 139 137 137 137 137 136 136 138 139 139 139 138 138 129 128 128 127 127 125 125 125 126 126 126 127 127
152 151 152 167 156 146 142 139 129 127 126 126 125 123 123 124 125 126 129 129 128 129 129 140 141 144 146 155 162 168 175 184 188 202 215 218 218 227 258 256 228 221 214 188 179 169 164 157 144 142 142 141 141 140 140 140 139 139 139 139 137 137 137 137 136 136 136 136 137 138 137 136 136 135 135 135 134 134 134 135 135 134 128 128 127 127 126 125 124 123 124 124 124 127 126 126
152 150 152 165 152 143 140 138 128 127 127 126 125 124 123 124 124 124 126 128 128 129 129 139 140 142 146 154 162 168 175 178 180 190 196 202 209 217 234 249 229 218 213 183 173 164 155 154 142 142 141 141 141 140 140 139 139 139 139 137 137 137 137 136 136 136 136 136 136 136 136 135 135 135 135 134 129 129 129 129 129 128 128 127 127 126 125 125 123 123 126 127 126 125 125 125
150 145 150 157 146 141 139 131 127 127 127 125 125 124 123 124 124 124 125 126 128 129 129 138 139 142 146 155 172 177 183 187 184 194 197 207 216 223 249 224 214 196 189 177 169 155 146 144 142 141 141 140 139 140 139 139 139 139 137 137 137 137 137 136 135 136 136 136 136 136 136 135 135 135 129 129 129 129 128 128 128 128 127 126 126 125 125 124 123 126 126 126 125 125 125 125
150 145 145 154 143 140 138 129 127 127 126 125 125 124 124 124 124 125 125 125 128 129 129 130 140 143 147 154 173 177 188 200 201 201 208 214 219 222 231 218 202 189 179 167 162 147 143 142 141 140 140 139 139 139 139 139 139 137 137 137 137 136 136 135 135 135 136 136 136 136 136 135 135 129 129 129 129 129 128 128 128 127 126 126 125 125 125 123 126 126 125 125 125 125 125 125
150 145 146 146 141 139 130 128 128 127 126 125 125 124 124 124 125 125 125 126 127 127 128 138 142 146 153 154 177 186 188 194 214 220 227 225 220 230 236 226 216 195 180 157 152 145 142 141 140 140 139 139 139 139 139 139 137 137 137 137 136 136 136 129 135 135 136 136 137 137 136 136 135 134 129 129 128 129 128 129 137 128 127 125 125 125 125 123 126 126 125 125 124 124 125 125
145 143 141 140 139 139 130 129 128 127 126 125 125 124 124 124 125 125 127 127 126 127 128 140 144 146 156 163 183 187 188 194 196 209 218 227 250 249 221 220 208 180 165 146 142 141 141 140 139 139 138 139 138 139 139 137 137 137 136 130 129 129 129 129 135 135 136 136 137 137 137 136 134 134 128 128 128 128 138 142 138 129 127 126 126 128 126 123 115 114 114 114 114 125 125 124
143 142 140 139 137 129 129 129 127 127 126 125 125 124 124 124 126 126 126 127 127 128 129 142 146 155 164 173 176 175 186 189 194 216 225 227 251 257 217 202 200 186 165 143 141 141 140 140 139 138 138 138 138 139 137 137 137 137 130 129 129 129 129 129 135 136 137 136 137 137 137 136 136 129 129 128 128 129 141 149 139 129 128 128 138 142 128 124 115 114 114 114 114 125 124 125
142 141 139 137 135 129 129 129 127 127 126 126 125 124 124 125 126 127 127 128 128 128 129 142 146 159 174 184 195 187 184 190 196 226 249 252 252 245 221 197 180 170 155 142 140 140 140 139 139 138 138 138 139 137 137 137 131 130 130 129 129 129 129 135 136 136 138 138 137 137 136 137 136 129 129 129 129 129 141 140 138 129 128 129 141 143 128 124 115 114 114 114 114 125 125 125
142 141 139 137 135 129 129 128 127 126 126 125 125 124 126 126 126 128 127 128 129 128 129 143 146 157 171 183 183 186 199 216 215 225 235 233 225 219 219 202 189 165 151 142 140 140 139 138 138 138 138 137 137 137 130 130 130 130 129 129 129 129 129 136 137 138 138 137 137 137 137 137 138 130 129 129 128 129 141 138 129 129 129 138 142 138 127 124 115 114 114 114 125 126 126 126
141 139 139 136 129 129 129 128 127 127 126 126 125 124 127 127 127 128 128 128 129 129 129 144 146 155 160 165 183 188 196 209 200 211 220 229 218 202 206 197 179 159 146 141 140 138 137 137 138 137 137 136 136 130 130 130 130 130 129 129 129 129 129 137 137 138 138 138 137 137 137 137 137 129 129 129 129 129 130 129 129 130 139 142 144 140 128 124 115 114 114 114 126 128 129 129
140 139 138 129 129 129 129 128 126 126 126 126 124 125 126 129 129 128 129 129 129 130 129 143 152 157 157 155 163 170 173 178 183 195 196 202 208 196 177 168 155 144 142 139 138 137 137 137 136 136 136 130 130 129 129 129 129 129 129 129 129 129 129 138 138 138 138 138 139 138 137 139 131 130 130 129 129 129 128 128 130 139 142 158 156 142 129 125 115 114 115 128 132 140 139 133
140 139 137 129 129 128 128 128 127 127 126 125 124 125 126 128 129 129 129 130 129 130 131 140 143 146 146 152 157 163 166 175 178 187 189 196 196 200 187 167 147 142 141 139 138 137 137 137 136 136 130 130 130 129 129 129 129 129 129 129 130 136 138 139 139 139 139 139 139 139 138 140 139 138 130 130 130 129 128 128 129 138 142 153 156 150 137 124 115 115 127 129 138 153 145 140
138 137 129 129 129 128 127 127 127 126 125 124 124 126 126 128 129 129 130 130 130 138 139 139 141 143 146 149 164 174 176 174 174 179 186 188 189 187 184 167 146 142 139 138 137 137 137 136 130 130 130 130 129 129 129 129 129 129 137 138 139 140 140 141 141 140 140 141 140 140 139 140 139 139 138 138 130 129 127 128 129 137 139 141 144 145 137 124 115 115 128 136 141 157 145 143
138 137 135 129 128 127 127 126 126 126 125 124 124 125 127 128 129 129 130 138 139 139 139 140 143 146 149 150 165 175 174 174 174 182 185 188 186 177 166 157 146 141 139 137 137 137 130 130 130 130 130 129 129 129 129 129 129 130 139 140 141 143 146 145 143 144 142 142 141 141 140 139 140 140 139 138 130 129 127 127 127 128 128 128 129 128 127 122 114 115 127 139 143 155 145 145
138 137 129 128 128 127 127 126 125 125 125 124 124 126 127 127 129 129 130 130 132 139 140 141 145 148 154 155 157 158 164 166 168 175 177 177 177 174 173 163 146 140 139 137 130 130 130 130 130 130 129 129 129 129 129 129 137 139 140 142 143 152 152 155 152 152 145 144 143 142 142 141 141 141 140 139 138 129 127 126 126 126 125 125 127 116 115 115 114 127 137 145 145 155 145 155
129 129 128 128 127 127 126 126 125 124 124 124 125 126 126 127 128 129 130 132 139 140 143 146 146 150 155 157 176 176 177 177 176 181 185 176 168 163 162 155 142 140 140 130 130 130 130 129 130 130 130 130 130 130 137 139 140 141 144 151 153 155 160 161 164 160 155 152 151 151 146 145 144 142 141 142 140 139 128 127 125 127 115 114 114 114 114 115 129 139 145 158 169 156 154 155
129 129 128 127 128 127 126 126 124 124 124 125 125 127 127 128 128 129 130 133 140 142 143 146 150 150 153 155 166 168 169 174 177 184 184 183 177 167 154 145 141 138 137 131 130 130 130 130 130 130 130 130 130 137 139 139 140 141 144 146 157 156 160 165 162 160 159 157 157 156 153 153 145 144 144 142 141 139 129 127 125 127 115 114 114 114 114 115 136 141 146 158 166 167 154 152
129 128 127 126 126 126 126 125 124 124 124 125 126 127 127 128 129 129 130 139 140 142 145 150 153 154 158 167 164 167 169 175 175 178 184 187 182 181 156 142 138 131 130 130 130 130 130 130 130 130 130 130 130 139 140 140 140 141 146 153 154 156 161 161 162 163 161 164 169 166 158 156 152 153 146 144 142 139 129 126 125 116 115 114 114 114 114 115 138 145 154 156 160 177 158 156
129 129 128 126 126 125 125 125 124 124 125 126 126 127 128 128 129 129 131 139 140 142 145 152 154 157 163 167 183 188 189 193 187 194 189 193 175 173 146 139 132 130 130 130 130 130 130 130 130 130 130 130 130 140 141 141 141 141 146 155 154 160 164 162 162 164 165 172 174 171 166 157 157 162 156 153 144 140 129 126 124 116 115 114 114 114 114 126 139 156 162 172 169 190 174 168
129 129 128 127 126 126 124 124 124 125 125 126 126 127 128 129 129 129 133 139 141 143 146 154 162 168 176 175 180 185 195 209 201 200 189 186 174 155 142 133 131 130 130 130 129 129 130 130 130 130 130 130 137 139 140 141 142 142 146 153 157 159 161 160 162 166 171 172 175 171 165 162 166 170 170 156 145 142 130 127 125 116 115 115 126 126 126 127 141 146 165 174 183 197 181 174
129 129 128 126 125 125 124 124 125 125 126 126 126 127 128 129 129 130 139 141 143 146 152 168 177 189 195 203 208 218 215 204 211 184 179 170 159 146 140 132 131 130 130 129 129 129 129 130 130 130 130 139 139 139 139 140 141 144 144 144 145 151 153 159 162 166 172 172 189 189 180 183 183 181 178 166 155 155 130 127 125 117 115 127 127 128 128 132 143 147 159 172 179 190 201 191
129 129 128 126 125 125 124 124 125 125 126 126 126 127 128 129 129 130 139 141 144 146 152 173 186 194 194 196 215 218 223 229 231 201 189 175 157 146 135 132 131 130 129 129 129 129 130 130 130 131 139 139 140 140 139 139 140 142 142 142 144 145 153 158 161 164 171 173 198 192 188 193 197 189 179 170 165 154 131 128 126 128 116 127 127 128 129 132 141 145 159 172 175 177 189 199
129 129 128 126 126 125 124 124 124 125 126 126 127 127 128 129 129 130 140 142 144 146 153 167 182 188 189 191 218 223 230 248 245 209 195 177 155 143 133 132 130 129 129 129 139 140 131 131 131 139 140 140 141 141 141 139 140 140 141 142 143 144 152 158 159 164 171 179 198 198 200 207 209 197 182 171 157 151 138 129 128 126 128 127 128 129 132 132 139 143 146 154 161 169 178 188
129 129 128 127 126 125 125 124 124 125 125 126 127 128 128 129 129 130 140 142 145 146 152 159 166 169 180 195 197 208 223 250 249 211 195 177 156 143 133 132 130 129 129 140 141 144 141 139 134 140 141 142 142 142 142 140 139 140 141 142 144 151 153 156 158 163 171 178 184 191 199 198 206 199 189 171 157 151 139 130 129 129 129 128 129 129 132 132 139 144 146 152 156 163 167 179
129 128 128 127 126 125 125 125 124 124 125 126 126 128 128 129 129 130 140 142 145 146 153 158 166 173 180 183 196 209 221 242 252 211 190 170 151 132 133 131 130 129 129 142 144 146 143 141 141 141 142 143 144 144 142 140 140 140 142 143 143 152 154 156 157 161 170 172 183 190 189 196 198 198 188 171 157 152 140 138 139 130 128 127 128 129 129 132 138 145 156 168 176 174 167 167
129 129 129 126 126 126 126 126 126 125 124 125 126 127 128 129 129 131 141 144 146 152 154 167 168 175 185 190 204 217 224 243 245 211 190 170 150 131 132 131 130 129 129 142 147 148 146 145 146 146 146 153 154 151 146 144 143 143 141 141 142 145 147 165 158 158 166 169 172 174 172 172 178 171 171 168 156 153 155 145 143 141 139 130 128 127 128 128 137 141 149 168 180 190 190 178
140 141 129 126 126 128 128 128 129 126 125 125 125 128 129 129 130 133 141 144 146 153 156 173 177 180 184 195 221 226 231 242 242 208 189 168 146 130 132 131 129 129 129 144 157 155 146 146 154 156 158 163 156 154 152 146 146 144 142 143 144 145 145 157 155 156 158 167 169 171 170 164 165 159 161 166 158 170 156 146 144 143 138 127 128 127 128 129 129 139 145 160 172 180 197 190
145 141 129 127 127 128 129 131 129 127 126 125 125 128 129 129 130 132 142 145 146 153 157 174 185 194 190 196 218 226 242 242 231 208 189 170 146 130 131 131 129 129 129 147 147 147 150 153 163 173 170 167 163 164 156 152 150 146 143 151 144 144 144 157 154 155 156 159 166 167 166 160 157 157 157 166 170 178 158 146 144 142 132 127 128 127 128 129 128 138 141 145 156 187 205 203
143 141 130 128 129 129 132 139 129 128 126 125 125 127 128 129 130 140 147 146 146 153 156 175 185 189 189 195 209 217 221 224 218 197 191 176 147 129 131 130 129 129 130 144 145 144 145 153 170 178 176 175 175 168 164 155 153 147 144 152 152 145 143 155 147 147 155 155 158 159 157 157 155 153 156 164 168 170 158 146 142 139 131 127 129 127 128 128 128 137 140 143 157 180 191 207
142 146 139 129 129 130 139 141 129 128 125 125 126 127 128 129 132 140 146 146 147 153 156 173 175 177 185 200 222 226 223 218 208 193 178 166 146 129 131 129 129 129 129 142 142 142 144 152 174 185 183 183 183 168 164 157 154 152 145 152 153 145 143 147 145 146 155 155 156 155 154 152 146 148 163 165 169 170 156 146 141 132 130 127 129 128 128 128 127 129 139 144 152 170 180 201
144 146 141 129 129 139 146 143 129 127 125 126 126 127 129 129 132 140 145 146 153 161 166 176 176 187 189 196 208 218 217 214 192 169 157 132 128 132 130 129 129 129 130 130 131 133 142 146 167 175 181 187 186 175 178 175 163 155 149 148 146 144 144 144 144 145 146 146 145 146 146 145 144 144 146 155 157 157 146 142 139 131 129 126 129 127 128 129 127 129 138 141 142 157 170 181
141 142 139 129 129 139 142 141 128 126 125 126 126 128 129 129 132 141 146 148 156 163 174 193 194 189 189 195 203 207 203 191 180 157 146 129 133 131 129 129 129 129 129 129 130 133 142 146 164 174 185 186 178 176 182 177 168 157 154 154 146 144 144 144 144 144 147 147 144 145 148 146 144 144 144 144 145 145 144 140 131 129 128 126 128 127 128 129 127 129 138 141 142 156 167 189
144 140 135 129 129 139 141 132 127 125 125 126 127 129 129 129 132 141 148 149 156 164 173 185 186 188 196 207 219 215 196 179 170 145 130 134 132 131 129 129 129 129 129 129 129 132 142 144 157 174 182 178 175 170 178 175 167 162 156 155 148 145 145 144 144 144 146 153 144 144 147 148 145 142 141 142 141 141 140 140 129 128 128 126 117 117 128 128 127 129 138 141 142 156 164 177
140 144 141 129 129 130 130 129 126 125 125 126 127 129 129 131 133 141 146 149 156 163 165 173 186 195 201 207 227 218 197 185 160 130 134 132 130 129 129 129 129 129 129 129 129 132 141 144 156 167 174 169 166 167 174 167 166 166 156 155 154 147 145 142 144 144 153 156 144 144 145 155 148 141 140 139 133 132 132 132 129 128 127 118 117 117 127 128 127 130 140 141 143 156 163 177
129 140 144 131 129 129 129 128 125 125 125 126 127 129 129 131 133 141 146 147 156 161 168 177 194 209 218 218 222 215 192 178 156 128 133 131 130 129 129 129 129 129 129 129 129 132 135 143 154 164 165 158 156 164 167 166 174 174 161 156 155 153 146 142 142 144 154 156 144 144 154 156 145 141 139 132 131 130 129 129 129 127 126 117 117 117 117 127 130 129 142 144 143 156 165 178
127 129 130 130 139 132 129 126 125 125 125 126 127 128 129 131 133 140 145 149 155 162 168 192 206 217 218 228 219 203 180 160 140 133 131 130 129 129 129 129 129 129 129 130 131 134 134 141 146 146 146 146 154 165 168 170 177 176 164 156 153 148 145 141 140 142 142 143 141 144 144 146 146 139 131 130 130 129 127 127 126 127 126 117 117 116 116 117 129 129 130 141 142 156 166 180
129 141 141 139 131 129 129 127 125 125 125 126 126 127 129 130 139 141 146 155 156 163 166 177 187 205 208 216 213 190 170 156 132 132 130 129 129 129 128 128 128 129 129 129 131 133 134 135 143 144 146 148 154 164 169 176 178 177 164 156 153 148 145 141 140 141 140 140 142 142 142 144 144 138 131 129 129 129 127 126 126 127 125 117 117 116 116 117 126 129 130 140 142 158 177 189
132 144 146 143 134 129 129 128 125 125 125 125 126 128 129 130 132 141 146 148 155 162 165 181 185 196 212 209 203 189 170 150 130 131 130 129 129 128 128 128 128 129 129 129 130 131 134 135 143 144 146 148 154 168 175 176 181 176 164 156 153 148 145 140 133 132 132 132 141 141 140 140 141 131 130 129 129 128 126 126 126 126 118 117 117 117 116 117 126 127 129 131 143 172 190 190
140 146 157 145 135 131 129 128 126 125 124 125 125 127 128 130 131 140 144 147 156 156 163 180 186 203 215 218 191 178 161 146 130 131 130 129 128 128 128 128 128 128 129 129 129 131 133 135 143 144 146 154 157 174 177 178 181 174 158 156 157 147 144 140 133 132 132 132 133 140 139 139 132 130 130 129 129 127 126 126 125 125 118 117 117 116 116 117 127 128 129 132 140 164 182 180
144 156 166 148 143 134 129 129 126 125 124 125 125 127 128 129 131 139 144 146 154 156 162 175 183 187 201 206 191 176 159 146 130 130 129 129 128 128 128 128 128 128 129 129 129 129 131 133 142 144 147 156 164 170 174 177 181 169 156 154 155 146 143 139 133 132 131 132 141 144 141 140 139 131 130 129 129 127 126 126 125 125 126 117 117 117 116 117 127 129 130 132 139 148 158 165
146 148 157 163 156 144 134 129 127 126 124 124 124 126 127 128 129 131 141 143 146 148 155 161 166 177 186 193 186 170 156 143 130 130 129 129 128 128 128 127 127 128 128 129 129 129 130 133 142 145 155 164 172 168 167 166 166 166 156 157 148 144 141 132 132 132 132 141 146 156 156 145 144 139 132 131 129 127 125 125 125 125 126 117 117 117 124 125 127 128 129 130 139 158 171 198
156 166 164 173 155 146 140 133 127 126 125 124 125 126 127 128 129 130 140 142 145 147 155 162 173 183 194 187 185 168 156 145 136 130 129 129 128 129 128 128 128 128 128 128 129 129 130 132 143 146 153 164 172 166 164 157 156 156 157 157 147 143 140 131 132 132 134 142 157 160 157 147 144 140 132 132 128 127 125 125 125 125 125 125 124 124 124 125 127 128 128 130 139 158 172 195
