maxent/maxent_rasters/snowcover_depth.asc
ncols        1049
nrows        959
xllcorner    -124.500000000000
yllcorner    32.500000000000
cellsize     0.010000000000
NODATA_value -9999
[rows 510 to 560 of 959, columns 576 to 671 of 1049]
299 309 298 285 295 303 296 285 250 208 165 0 0 0 67 193 222 202 205 249 275 282 277 276 279 283 298 282 270 261 276 280 273 263 257 241 218 214 200 182 148 0 0 0 0 0 0 0 0 0 0 0 0 0 0 0 42 103 113 129 152 167 175 177 185 192 193 193 196 204 202 187 177 157 146 147 140 124 112 98 78 43 43 64 65 48 0 47 41 23 40 56 59 59 60 59
279 290 286 271 276 289 288 288 265 209 152 67 184 175 200 231 259 260 243 248 250 268 276 276 282 281 300 288 272 261 262 265 275 278 277 269 257 232 201 175 136 0 0 0 0 0 0 0 0 0 0 0 0 0 0 0 0 102 111 129 163 186 183 182 182 183 194 196 203 206 194 174 169 159 160 168 130 116 110 96 72 0 0 0 0 0 0 0 0 0 0 35 41 41 39 0
273 271 253 248 242 238 249 213 157 0 0 173 204 237 250 260 283 284 275 285 290 303 301 300 298 280 260 252 252 259 264 285 284 297 282 272 230 215 190 159 115 0 0 0 0 0 0 0 0 0 0 0 0 0 0 0 0 79 0 110 139 175 175 176 174 175 193 205 214 215 216 200 188 187 176 160 154 137 113 99 78 0 0 0 0 0 0 0 0 0 0 0 0 0 0 0
262 239 228 213 195 196 157 0 0 0 140 201 209 249 263 273 287 292 287 287 301 311 298 287 280 265 252 262 266 271 272 284 292 302 289 269 235 215 192 162 142 0 0 0 0 0 0 0 0 0 0 0 0 0 0 0 0 0 0 85 135 161 161 165 164 164 179 195 206 212 214 189 184 185 184 173 160 143 128 100 67 0 0 0 0 0 0 0 0 0 0 0 0 0 0 0
206 128 0 0 0 0 0 96 187 204 205 226 246 251 257 267 282 288 309 309 311 301 288 268 249 250 270 276 281 280 287 284 294 303 290 282 257 240 201 178 169 0 0 0 0 0 0 0 0 0 0 0 0 0 0 0 0 0 0 88 125 138 147 147 152 149 172 190 203 205 205 186 175 184 174 171 155 139 124 96 65 0 0 0 0 0 0 0 0 0 0 0 0 0 0 0
0 0 0 0 148 206 197 231 248 257 239 246 263 268 269 276 288 295 312 321 314 286 269 251 275 277 279 281 294 292 297 284 287 295 283 282 257 235 229 209 167 0 0 0 0 0 0 0 0 0 0 0 0 0 0 0 0 0 0 56 113 134 134 135 145 144 162 184 198 201 202 176 162 171 171 157 139 125 124 93 0 0 0 0 0 0 0 0 0 0 0 0 0 0 0 0
0 188 197 241 248 252 243 245 260 279 267 232 259 268 268 274 285 288 295 322 308 271 245 267 300 311 274 281 295 300 298 296 285 276 273 275 254 257 255 226 189 136 115 0 0 0 0 0 0 0 0 0 0 0 0 0 0 0 0 0 99 134 126 132 134 134 150 164 184 199 202 177 158 148 155 139 118 102 86 55 0 0 0 0 0 0 0 0 0 0 0 0 0 0 0 0
255 264 259 284 292 295 275 285 271 295 287 255 262 276 287 288 310 312 313 297 277 266 287 303 303 287 286 304 298 296 283 284 282 264 262 262 273 257 246 234 220 186 162 123 0 0 0 0 0 0 0 0 0 0 0 0 0 0 0 0 0 122 114 121 122 121 134 156 175 187 188 169 157 157 140 130 114 90 0 0 0 0 0 0 0 0 0 0 0 0 0 0 0 0 0 0
280 276 275 290 305 307 295 299 278 296 283 280 276 281 287 289 312 297 294 291 254 285 309 291 287 280 288 305 287 297 286 268 264 260 264 286 284 263 257 241 215 172 165 157 122 0 0 0 0 0 0 0 0 0 0 0 0 0 0 0 0 102 102 111 113 112 128 144 171 185 187 156 133 130 121 97 93 71 0 0 0 0 0 0 0 0 0 0 0 0 0 0 0 0 0 0
306 289 292 305 312 308 313 303 283 303 289 295 285 295 304 304 315 297 291 283 243 283 288 288 278 280 282 288 285 279 286 258 252 257 262 268 272 270 257 241 222 213 198 160 110 0 0 0 0 0 0 0 0 0 0 0 0 0 0 0 0 83 87 98 120 110 121 134 162 178 178 146 129 104 104 0 67 0 0 0 0 0 0 0 0 0 0 0 0 0 0 0 0 0 0 0
316 309 312 314 334 319 319 307 290 307 304 305 301 301 315 330 313 299 289 284 253 247 276 275 268 275 281 288 283 274 260 248 266 272 262 262 263 272 257 244 245 217 200 163 117 0 0 0 0 0 0 0 0 0 0 0 0 0 0 0 0 0 0 86 101 97 129 148 163 174 160 134 108 85 83 0 0 0 0 0 0 0 0 0 0 0 0 0 0 0 0 0 0 0 0 0
329 344 343 326 324 322 344 331 307 316 308 323 309 316 320 324 321 301 300 295 272 189 230 248 262 258 250 251 257 261 239 264 277 283 278 268 274 264 258 257 256 199 172 167 83 0 0 0 0 0 0 0 0 0 0 0 0 0 0 0 0 0 0 30 87 51 133 147 150 158 134 134 130 85 0 0 0 0 0 0 0 0 0 0 0 0 0 0 0 0 0 0 0 0 0 0
309 296 286 281 262 267 273 281 301 311 343 306 299 302 319 310 316 291 279 265 231 174 197 207 227 245 273 261 252 260 273 242 262 275 289 294 293 300 286 262 256 214 168 103 0 0 0 0 0 0 0 0 0 0 0 0 0 0 0 0 0 0 0 0 0 0 110 123 134 145 157 122 128 104 97 96 0 0 0 0 0 0 0 0 0 0 0 0 0 0 0 0 0 0 0 0
263 262 258 241 228 229 247 255 272 290 309 319 301 296 308 304 296 285 278 256 197 212 249 266 273 273 288 280 281 288 283 250 250 268 281 280 284 291 262 258 243 199 162 104 0 0 0 0 0 0 0 0 0 0 0 0 0 0 0 0 0 0 0 0 0 0 88 109 123 134 147 159 146 146 143 121 0 0 0 0 0 0 0 0 0 0 0 0 0 0 0 0 0 0 0 0
235 226 216 214 207 177 208 215 243 275 306 327 304 293 302 283 283 272 266 243 167 243 262 274 285 286 291 287 289 300 284 270 255 262 276 271 275 278 262 255 223 170 143 116 0 0 0 0 0 0 0 0 0 0 0 0 0 0 0 0 0 0 0 0 0 0 30 93 109 132 146 174 164 157 157 131 70 0 0 0 0 0 0 0 0 0 0 0 0 0 0 0 0 0 0 0
203 176 198 210 184 72 170 203 238 272 302 304 280 286 298 270 263 271 250 195 174 263 274 277 282 288 291 292 289 309 300 275 263 266 293 300 287 263 247 231 217 174 155 134 0 0 0 0 0 0 0 0 0 0 0 0 0 0 0 0 0 0 0 0 0 0 0 84 104 123 142 178 172 143 129 108 84 0 0 0 0 0 0 0 0 0 0 0 0 0 0 0 0 0 0 0
150 87 166 197 166 0 184 205 218 263 282 284 253 283 282 247 232 261 245 175 204 271 273 266 263 271 287 289 293 315 301 278 270 273 300 300 267 263 262 256 237 171 137 125 65 78 0 0 0 0 0 0 0 0 0 0 0 0 0 0 0 0 0 0 0 0 0 0 88 115 134 176 159 132 128 131 111 107 107 67 0 0 0 0 0 0 0 0 0 0 0 0 0 0 0 0
0 0 0 0 0 0 0 162 197 203 208 230 194 229 252 204 209 240 176 0 206 261 276 283 277 290 294 309 294 305 307 285 283 274 281 300 300 298 277 252 227 175 148 132 127 0 0 0 0 0 0 0 0 0 0 0 0 0 0 0 0 0 0 0 0 0 0 0 0 105 129 175 175 171 185 176 124 107 122 93 0 0 0 0 0 0 0 0 0 0 0 0 0 0 0 0
0 0 0 0 0 0 0 0 92 171 206 202 154 181 207 166 170 210 188 0 185 253 273 288 289 288 308 323 324 311 303 288 288 277 274 285 285 272 268 264 250 192 160 120 0 0 0 0 0 0 0 0 0 0 0 0 0 0 0 0 0 0 0 0 0 0 0 0 0 105 133 174 188 190 184 176 135 124 124 95 0 0 0 0 0 0 0 0 0 0 0 0 0 0 0 0
0 0 0 0 0 0 0 0 0 0 97 169 0 0 0 0 0 148 65 0 196 263 277 286 287 295 290 295 308 305 309 303 288 283 287 290 294 291 288 277 259 219 174 137 127 0 0 0 0 0 0 0 0 0 0 0 0 0 0 0 0 0 0 0 0 0 0 0 0 92 122 165 186 190 173 159 131 89 0 0 0 0 0 0 0 0 0 0 0 0 0 0 0 0 0 0
0 0 0 166 152 0 0 0 0 0 0 0 0 0 0 108 0 0 0 0 208 239 243 251 266 288 276 275 276 279 283 289 300 300 303 297 295 284 287 286 268 215 171 140 88 0 0 0 0 0 0 0 0 0 0 0 0 0 0 0 0 0 0 0 0 0 0 0 0 77 108 160 179 195 192 173 133 107 60 0 50 0 0 0 0 0 0 0 0 0 0 0 0 0 0 0
161 184 204 195 134 0 0 0 0 0 0 0 125 197 195 212 201 187 155 83 93 165 180 199 226 245 256 269 275 283 283 284 288 286 297 297 294 282 268 253 250 207 179 158 113 0 0 0 0 0 0 0 0 0 0 0 0 0 0 0 0 0 0 0 0 0 0 0 0 0 105 148 172 188 185 158 124 127 124 106 0 0 0 0 0 0 0 0 0 0 0 0 0 0 0 0
247 275 275 255 215 186 208 229 236 248 214 69 0 177 211 257 271 257 265 276 248 270 285 278 278 260 232 221 227 251 276 271 261 263 283 282 292 271 266 264 257 233 212 177 132 0 0 0 0 0 0 0 0 0 0 0 0 0 0 0 0 0 0 0 0 0 0 0 0 0 83 143 162 187 186 172 149 133 104 124 120 0 0 0 0 0 0 0 0 0 0 0 0 0 0 0
251 304 318 304 274 261 279 284 270 254 234 180 131 199 214 246 296 283 288 282 272 284 299 302 299 286 284 275 244 226 232 262 263 256 259 272 294 294 290 278 264 211 179 169 157 134 0 0 0 0 0 0 0 0 0 0 0 0 0 0 0 0 0 0 0 0 0 0 0 0 0 136 162 191 192 165 135 126 132 132 87 0 0 0 0 0 0 0 0 0 0 0 0 0 0 0
259 328 336 324 317 301 283 274 243 208 197 163 166 200 239 258 310 306 301 302 296 294 309 321 315 303 294 292 284 245 250 291 275 282 281 267 300 312 298 288 262 222 214 211 170 128 0 0 0 0 0 0 0 0 0 0 0 0 0 0 0 0 0 0 0 0 0 0 0 0 0 132 160 186 196 184 164 146 133 95 0 0 79 0 0 0 0 0 0 0 0 0 0 0 0 0
286 345 365 336 303 277 237 222 209 194 188 189 181 194 238 244 274 284 300 325 314 299 322 346 329 325 306 313 289 255 273 303 284 293 297 281 273 283 290 288 284 257 248 223 180 147 0 0 0 0 0 0 0 0 0 0 0 0 0 0 0 0 0 0 0 0 0 0 0 0 0 135 137 162 195 212 175 146 122 91 116 104 114 43 0 0 0 0 0 0 0 0 0 0 0 0
311 347 345 311 276 262 232 212 201 193 194 198 200 189 215 234 246 266 289 324 343 314 323 365 365 327 340 317 288 267 282 311 288 294 302 292 272 276 281 289 301 249 231 209 177 145 0 0 0 0 0 0 0 0 0 0 0 0 0 0 0 0 0 0 0 0 0 0 0 0 0 98 123 159 180 202 162 135 131 134 160 124 92 0 0 0 0 0 0 0 0 0 0 0 0 0
309 328 318 297 278 252 231 242 279 266 263 241 246 258 242 210 253 265 275 289 304 346 365 365 365 365 335 315 303 289 284 297 323 321 329 310 291 298 297 293 303 255 246 221 208 178 133 0 0 0 0 0 0 0 0 0 0 0 0 0 0 0 0 0 0 0 0 0 0 0 0 0 73 106 145 164 201 202 192 178 149 124 110 59 0 0 0 0 0 0 0 0 0 0 0 0
312 324 305 286 272 260 271 260 292 290 286 268 273 280 272 255 232 246 271 289 297 323 335 349 365 365 365 353 318 290 291 318 319 323 365 325 309 309 304 313 315 264 245 222 197 168 178 133 0 0 0 0 0 0 0 0 0 0 0 0 0 0 0 0 0 0 0 0 0 0 0 0 0 84 111 135 178 202 198 170 135 81 50 0 0 0 0 0 0 0 0 0 0 0 0 0
336 306 288 284 291 280 289 268 295 306 302 277 292 313 308 277 267 260 252 284 303 349 365 365 365 365 365 325 300 300 299 333 347 326 349 361 328 328 321 323 300 246 223 214 206 195 197 155 111 0 0 0 0 0 0 0 0 0 0 0 0 0 0 0 0 0 0 0 0 0 0 0 0 100 130 135 158 178 185 156 123 111 132 124 95 39 0 0 0 0 0 0 0 0 0 0
365 298 293 311 308 295 302 295 310 324 313 286 304 328 324 292 291 297 264 275 304 346 365 365 365 365 353 340 353 357 334 324 328 320 339 357 328 335 318 297 276 258 255 242 224 236 177 163 153 82 0 0 0 0 0 0 0 0 0 0 0 0 0 0 0 0 0 0 0 0 0 0 0 95 120 129 174 189 177 147 133 147 147 123 91 0 0 0 0 0 0 0 0 0 0 0
365 308 329 330 313 301 312 322 315 365 336 306 304 336 322 305 292 320 302 267 278 315 323 333 352 365 365 365 365 356 336 318 317 320 334 326 336 318 311 297 290 283 267 255 261 248 201 203 177 127 0 0 0 0 0 0 0 0 0 0 0 0 0 0 0 0 0 0 0 0 0 0 0 72 85 120 177 190 188 159 161 173 141 109 0 0 0 0 0 0 0 0 0 0 0 0
317 365 365 365 342 323 339 365 331 365 365 365 339 365 365 365 307 365 365 357 307 323 365 365 365 365 365 365 338 327 316 313 326 321 313 310 303 301 300 311 317 300 306 326 293 265 226 208 202 176 126 0 0 0 0 0 0 0 0 0 0 0 0 0 0 0 0 0 0 0 0 0 0 0 0 87 105 131 161 186 190 135 113 110 92 68 0 0 0 0 0 0 0 0 0 0
292 338 365 365 365 365 365 365 365 365 365 365 351 365 365 321 346 365 365 365 309 327 342 352 365 365 365 365 365 365 326 306 329 316 300 293 297 302 315 330 340 310 335 320 303 272 253 233 214 171 126 0 0 0 0 0 0 0 0 0 0 0 0 0 0 0 0 0 0 0 0 0 0 0 0 0 121 143 160 185 191 145 128 124 74 0 0 69 63 0 0 0 0 0 0 0
297 334 360 365 365 365 365 365 365 365 365 365 365 365 365 308 365 365 365 365 304 356 365 365 365 365 365 365 337 329 317 303 316 302 297 290 308 315 332 323 308 323 319 292 290 273 234 206 175 165 136 0 0 0 0 0 0 0 0 0 0 0 0 0 0 0 0 0 0 0 0 0 0 0 0 0 81 116 148 173 191 178 158 140 109 118 109 128 120 75 0 0 0 0 0 0
281 300 325 365 365 365 365 365 365 365 365 365 365 365 365 311 365 365 365 365 311 340 365 365 365 365 365 356 338 327 311 293 301 299 295 288 310 302 301 300 300 327 322 300 271 255 223 216 215 179 152 70 0 0 0 0 0 0 0 0 0 0 0 0 0 0 0 0 0 0 0 0 0 0 0 0 0 66 107 135 171 188 176 143 133 146 155 152 117 63 0 0 0 0 0 0
259 282 338 365 365 365 365 365 365 365 365 365 365 365 365 334 365 365 365 365 333 348 365 365 365 365 365 365 357 346 330 285 297 302 291 293 307 294 294 306 309 340 327 306 283 271 258 256 240 205 170 101 22 0 0 0 0 0 0 0 0 0 0 0 0 0 0 0 0 0 0 0 0 0 0 0 0 62 118 141 148 178 174 162 160 172 144 141 131 109 44 63 0 0 0 0
213 236 239 227 240 299 341 365 365 365 365 365 365 365 365 365 352 365 365 365 365 365 365 365 365 365 365 365 365 365 325 271 287 288 293 306 294 290 294 301 306 297 293 300 300 290 292 260 236 212 193 156 91 0 0 0 0 0 0 0 0 0 0 0 0 0 0 0 0 0 0 0 0 0 0 0 0 0 107 115 126 159 156 147 146 148 154 145 141 131 118 128 81 0 0 0
172 195 227 275 310 311 339 365 365 365 365 365 365 365 365 365 365 365 365 365 365 365 365 365 365 365 365 365 365 365 337 273 273 289 294 297 288 288 287 291 290 297 297 300 310 317 289 267 257 232 226 178 130 79 22 0 0 0 0 0 0 0 0 0 0 0 0 0 0 0 0 0 0 0 0 0 0 0 0 83 105 135 140 134 133 132 140 143 155 156 143 137 54 0 75 0
212 254 263 290 319 365 365 365 365 365 365 337 365 365 353 365 365 365 365 365 365 365 365 365 341 322 311 330 365 365 365 270 271 288 291 287 280 281 283 291 293 307 297 318 325 323 300 287 272 253 239 177 151 119 84 0 0 0 0 0 0 0 0 0 0 0 0 0 0 0 0 0 0 0 0 0 0 0 0 0 83 123 123 124 124 120 127 127 141 159 169 140 122 121 106 0
229 283 280 277 314 340 365 365 365 365 365 314 365 337 297 308 359 365 365 365 365 365 365 365 365 351 313 302 311 337 331 253 247 270 271 279 283 293 298 303 308 309 321 318 326 325 299 268 256 225 210 173 178 150 124 38 0 0 0 0 0 0 0 0 0 0 0 0 0 0 0 0 0 0 0 0 0 0 0 0 0 82 97 106 111 110 102 118 140 144 156 153 128 125 122 84
236 254 239 226 253 281 315 316 307 300 309 294 346 292 271 314 329 332 365 365 365 365 365 365 365 365 365 321 300 287 281 242 230 245 275 291 293 301 316 324 320 318 307 327 365 323 288 271 258 241 246 216 196 186 156 126 0 0 0 0 0 0 0 0 0 0 0 0 0 0 0 0 0 0 0 0 0 0 0 0 0 0 0 92 88 94 89 99 123 130 144 161 139 121 106 85
199 89 0 102 0 0 105 107 130 148 201 211 191 188 228 262 294 365 365 365 365 365 365 365 365 365 365 336 321 330 324 296 253 225 251 279 282 284 283 281 293 311 299 304 329 326 294 300 293 271 262 276 253 240 208 170 77 0 0 0 0 0 0 0 0 0 0 0 0 0 0 0 0 0 0 0 0 0 0 0 0 0 0 0 0 0 0 78 98 86 110 135 155 141 121 98
164 0 0 0 0 0 0 0 0 198 217 99 213 264 298 316 343 365 365 365 365 365 365 365 365 365 353 341 365 365 336 302 273 223 243 266 279 279 279 281 292 314 324 309 326 330 310 330 297 285 290 267 247 211 175 159 119 54 0 0 0 0 0 0 0 0 0 0 0 0 0 0 0 0 0 0 0 0 0 0 0 0 0 0 0 0 0 0 0 58 96 119 136 154 126 109
0 0 0 0 0 0 0 0 0 104 117 174 217 242 276 313 365 365 365 365 365 365 365 365 365 365 365 365 365 365 365 305 279 210 240 274 279 282 286 301 303 294 297 306 309 315 321 326 321 303 285 251 235 214 191 196 148 125 54 0 0 0 0 0 0 0 0 0 0 0 0 0 0 0 0 0 0 0 0 0 0 0 0 0 0 0 0 0 0 58 79 113 134 152 137 135
0 0 0 0 0 0 0 0 0 0 0 170 196 232 271 304 365 365 365 365 365 365 365 365 365 365 365 365 365 365 365 310 280 209 243 277 284 283 294 314 325 321 311 310 333 307 300 302 316 312 297 258 247 237 228 232 187 157 117 75 0 0 0 0 0 0 0 0 0 0 0 0 0 0 0 0 0 0 0 0 0 0 0 0 0 0 0 0 0 0 22 88 107 126 138 153
0 0 0 0 0 0 0 0 0 0 0 219 249 242 270 322 365 365 365 360 341 365 365 365 365 365 365 365 365 365 365 328 281 207 236 264 279 282 294 303 301 323 324 307 329 327 293 293 300 305 295 283 283 269 257 239 173 158 137 117 87 0 0 0 0 0 0 0 0 0 0 0 0 0 0 0 0 0 0 0 0 0 0 0 0 0 0 0 0 0 0 34 87 111 134 151
0 0 0 196 147 0 179 223 238 180 0 207 258 306 318 325 365 365 365 365 365 318 338 365 365 365 365 342 337 319 315 303 278 211 212 264 294 319 298 284 286 294 298 316 335 308 277 292 300 308 306 287 292 294 282 269 244 218 212 215 184 97 0 0 0 0 0 0 0 0 0 0 0 0 0 0 0 0 0 0 0 0 0 0 0 0 0 0 0 0 0 0 0 0 73 115
0 200 226 236 232 210 230 251 267 240 202 189 241 291 334 357 365 365 365 365 365 317 303 308 328 329 323 317 313 311 309 289 254 197 243 263 297 298 285 280 280 281 292 294 297 297 275 279 294 300 300 270 271 283 283 278 261 249 247 220 184 123 86 0 0 0 0 0 0 0 0 0 0 0 0 0 0 0 0 0 0 0 0 0 0 0 0 0 0 0 0 0 0 0 0 92
0 0 222 275 273 247 253 275 288 292 270 224 221 243 280 314 365 365 365 365 365 341 324 302 286 304 309 308 304 301 299 277 243 196 251 269 272 269 269 266 263 270 276 278 279 276 276 280 290 299 297 269 272 270 261 260 261 255 250 218 187 152 143 128 49 0 0 0 0 0 0 0 0 0 0 0 0 0 0 0 0 0 0 0 0 0 0 0 0 0 0 0 0 0 0 78
0 0 128 248 279 268 259 282 305 323 296 270 260 274 269 273 339 365 365 365 365 365 332 318 296 279 303 300 293 292 286 261 237 193 251 267 252 262 270 276 276 278 280 279 276 275 285 294 302 300 291 270 272 263 259 257 256 256 252 244 226 200 197 170 133 0 0 0 0 0 0 0 0 0 0 0 0 0 0 0 0 0 0 0 0 0 0 0 0 0 0 0 0 0 0 0
