maxent/maxent_rasters/snowcover_depth.asc
ncols        1049
nrows        959
xllcorner    -124.500000000000
yllcorner    32.500000000000
cellsize     0.010000000000
NODATA_value -9999
[rows 357 to 407 of 959, columns 480 to 575 of 1049]
284 260 239 224 183 210 224 241 233 224 226 238 239 240 233 214 189 157 133 122 124 116 93 99 110 107 123 146 161 170 183 187 201 212 215 210 213 224 224 233 243 235 195 182 171 165 160 145 143 142 144 144 149 160 172 185 192 169 184 194 182 163 147 154 160 155 156 141 138 138 121 106 83 78 79 79 80 80 82 85 89 92 117 127 146 164 185 175 184 176 172 168 147 139 139 143
265 232 204 200 216 232 240 233 227 229 235 245 250 257 253 239 220 192 162 140 129 127 122 143 124 122 140 148 166 187 199 200 201 215 216 220 220 235 231 243 255 234 202 187 176 169 161 146 143 141 143 143 147 156 160 173 174 157 164 180 164 157 142 154 146 153 153 138 128 127 121 106 83 84 95 83 83 85 85 88 90 93 124 143 151 167 180 170 174 187 172 175 171 163 138 136
248 218 253 252 257 254 252 248 237 229 233 238 243 246 251 253 241 210 185 155 153 141 144 143 123 142 166 160 177 192 198 205 208 220 224 221 231 240 241 243 247 239 216 196 183 173 162 146 143 139 137 140 147 157 160 160 163 145 147 157 156 145 145 145 144 144 145 140 126 122 119 104 85 85 96 95 85 93 93 90 92 108 142 144 151 165 169 168 175 187 186 187 183 166 142 116
256 225 267 278 274 278 280 253 241 237 242 252 244 244 254 258 248 216 188 184 163 145 170 142 125 158 187 171 178 190 199 208 216 220 229 229 241 246 252 259 270 258 224 209 193 175 162 146 143 139 130 129 147 158 157 148 165 142 131 132 133 130 139 141 143 140 140 130 125 108 100 88 82 82 97 100 99 98 99 101 103 117 128 145 162 151 152 160 173 187 190 186 168 147 125 115
272 250 255 290 290 290 280 250 243 244 247 250 260 259 262 260 246 198 186 178 172 154 172 135 145 181 199 200 201 206 216 220 226 230 235 231 243 252 258 269 268 247 213 204 189 176 164 147 143 139 130 127 144 149 149 142 147 133 127 126 126 125 125 138 140 127 127 125 111 104 84 102 104 103 102 103 102 104 104 116 118 124 143 150 151 146 146 167 176 186 172 160 142 128 127 122
270 259 244 282 301 302 288 275 251 248 252 253 252 266 262 237 214 221 217 193 159 163 185 142 148 179 195 191 203 216 218 220 236 239 238 248 246 265 273 274 262 242 217 220 210 190 170 153 147 143 131 128 125 125 125 126 126 123 122 121 110 109 107 109 120 120 112 103 86 97 99 98 104 105 105 105 107 107 106 119 126 143 144 129 128 128 142 151 168 182 173 172 171 187 184 166
286 285 247 277 288 295 302 290 266 250 249 258 266 265 261 234 213 231 237 211 180 162 198 148 145 158 170 184 195 206 218 225 240 244 244 248 254 260 277 261 254 241 242 232 214 195 179 157 151 145 135 130 125 122 122 112 112 112 110 108 107 106 105 106 111 112 120 105 99 83 97 101 103 104 104 104 102 104 104 116 121 125 125 125 125 127 131 150 165 169 166 185 187 186 171 161
286 290 251 289 293 297 310 290 268 254 249 256 285 274 265 235 221 237 244 219 196 187 200 175 143 164 174 185 196 210 218 229 247 246 248 250 257 274 284 261 255 252 249 238 220 205 190 164 154 149 144 133 127 125 124 122 110 110 108 104 103 102 102 105 111 121 121 104 99 83 86 97 104 103 102 101 100 102 103 104 115 117 120 121 124 125 127 148 161 151 166 187 183 168 162 150
282 281 255 289 312 321 314 284 280 261 255 259 296 293 270 246 236 252 257 239 213 198 212 183 147 163 184 187 207 218 220 232 246 247 252 257 267 274 281 287 279 260 252 243 231 215 190 167 164 152 146 136 127 126 125 112 107 104 103 103 102 102 108 102 103 105 108 101 86 97 98 106 105 104 102 100 100 101 103 103 106 115 118 119 120 124 125 142 145 147 164 166 171 165 151 144
268 286 275 264 293 309 321 294 279 267 278 267 303 296 277 263 250 255 259 257 228 213 213 189 157 163 191 194 212 220 227 236 250 252 252 257 260 275 286 288 274 258 252 246 234 213 193 176 166 154 146 137 128 123 111 108 107 108 107 107 105 105 106 104 107 101 99 98 97 97 104 108 104 103 101 99 100 102 102 103 104 106 116 117 119 120 123 128 129 144 147 150 151 148 144 141
259 295 280 268 302 325 342 313 294 290 296 299 298 321 312 296 269 254 255 251 235 239 233 222 183 175 214 216 212 216 222 234 245 254 253 248 252 275 280 282 286 281 263 249 236 220 202 173 155 153 139 133 118 117 126 129 129 126 125 125 125 124 123 114 114 108 107 108 106 103 103 108 97 97 96 100 100 101 101 102 97 109 106 115 117 119 120 123 125 127 141 131 143 146 145 146
252 294 293 283 283 302 319 318 303 309 314 310 303 321 326 308 274 267 265 256 247 242 241 224 175 187 212 216 216 227 225 231 249 254 243 245 258 259 261 275 275 274 256 240 225 212 197 174 168 160 152 135 117 133 135 137 135 131 130 128 129 130 132 125 127 125 123 126 115 106 104 105 101 98 97 100 100 100 101 96 96 97 112 112 116 117 118 120 123 124 125 126 128 141 142 144
256 288 318 305 287 299 310 340 319 301 304 314 297 299 301 294 275 267 253 255 256 242 229 214 174 188 206 211 214 223 230 239 260 256 240 236 248 248 253 264 262 265 255 243 229 218 204 190 179 155 156 139 132 146 152 150 146 146 147 136 135 143 134 128 142 146 133 146 130 113 111 108 103 101 98 97 100 100 101 95 96 97 110 112 113 113 114 118 120 122 124 124 125 125 125 140
266 289 343 325 302 295 297 365 328 306 293 288 294 285 279 270 271 252 239 244 238 232 225 207 175 188 197 205 213 219 229 241 260 255 239 226 228 240 252 265 257 249 245 240 235 222 220 189 173 169 165 136 147 155 166 155 150 152 151 149 147 148 137 134 143 148 149 142 131 125 114 110 104 104 102 101 100 100 101 101 96 96 110 111 112 113 114 115 116 118 120 121 123 124 125 137
274 286 330 339 334 312 299 365 365 321 305 293 279 272 262 257 256 236 224 221 221 215 212 199 175 182 196 206 216 222 226 236 254 242 226 219 227 247 249 246 250 249 237 231 226 228 218 184 174 168 152 134 167 170 170 165 158 156 156 163 156 162 147 147 151 152 163 143 132 126 123 113 108 109 105 104 102 100 101 101 96 97 98 110 111 112 113 114 115 116 116 117 119 121 124 137
301 303 300 312 328 365 365 337 343 347 314 292 275 265 254 243 225 191 196 193 181 186 180 180 177 175 189 192 199 209 214 216 226 231 225 209 216 221 220 216 227 227 230 220 222 218 220 182 170 145 143 159 169 180 185 185 187 186 180 179 176 170 166 166 175 164 151 147 132 127 127 125 124 122 110 111 109 103 102 102 102 102 98 111 111 112 113 114 116 118 119 119 118 119 124 125
311 309 309 310 330 365 365 329 311 306 296 292 279 264 249 227 210 186 181 179 191 212 188 180 178 178 191 190 191 193 200 207 214 214 216 205 198 200 204 216 218 222 218 228 230 222 213 172 152 141 146 166 179 187 189 195 197 194 189 193 185 175 177 179 177 167 154 136 133 131 129 130 127 115 125 127 112 104 103 103 104 105 106 107 108 117 119 117 120 121 121 124 126 126 125 124
321 324 325 329 325 326 335 334 324 312 305 295 274 257 235 210 184 186 196 203 210 213 188 187 185 187 191 193 200 207 202 205 213 209 206 207 204 187 193 200 205 209 224 233 228 220 193 164 147 144 155 170 187 187 190 206 210 200 199 204 193 185 185 187 177 168 164 147 145 135 134 143 131 125 130 131 124 108 104 106 110 119 108 108 118 122 123 122 124 125 122 121 127 128 127 124
303 312 318 321 310 311 315 319 311 307 300 291 275 249 223 193 184 196 205 207 207 209 192 197 190 187 196 195 202 213 213 213 225 231 221 220 216 181 179 185 188 203 226 227 217 199 186 153 145 146 156 171 182 184 190 201 209 200 205 206 198 194 192 185 179 177 167 152 149 148 148 149 144 130 131 132 129 112 108 110 122 125 120 119 121 126 128 128 128 127 126 125 127 128 127 125
282 286 313 313 310 320 318 302 301 301 295 292 266 244 215 210 190 193 197 224 226 223 210 205 197 191 201 203 210 219 229 223 217 218 213 206 196 179 174 176 180 190 220 220 203 192 170 151 144 150 157 170 176 184 191 199 207 200 193 196 196 194 193 179 176 175 168 165 165 164 151 149 143 136 134 133 133 123 111 121 127 132 129 125 127 130 133 142 133 130 128 128 141 141 128 127
303 304 321 311 329 365 365 304 293 286 281 274 259 248 210 197 218 214 248 265 266 257 222 197 210 210 217 221 223 227 226 221 219 214 209 207 200 178 167 167 178 195 197 186 167 156 152 144 145 150 153 157 183 185 194 202 200 200 192 191 190 189 182 179 179 171 179 167 164 152 152 155 166 154 150 148 147 137 131 130 134 150 148 133 131 136 150 151 149 148 147 134 141 129 142 147
313 320 365 329 334 365 365 319 310 298 278 273 281 256 214 213 218 226 256 274 272 265 231 219 213 215 227 232 228 224 227 229 225 214 218 214 216 181 165 167 186 197 176 164 151 150 148 144 145 149 153 157 177 185 193 201 194 200 194 192 190 185 182 181 180 173 171 168 166 155 165 166 180 174 162 152 150 149 139 133 133 136 134 133 135 148 152 154 152 148 147 135 129 127 128 143
289 313 365 365 365 365 365 334 311 289 286 291 288 271 231 218 221 249 271 279 277 267 245 238 227 221 229 233 236 236 238 240 234 222 228 219 214 182 169 179 192 185 165 151 146 145 144 144 144 149 154 158 177 186 194 194 193 207 201 195 193 190 190 188 182 180 180 166 165 166 177 179 180 176 165 163 152 149 150 148 138 136 136 138 151 155 157 158 154 153 151 146 128 127 126 128
255 278 324 365 365 365 365 313 304 295 301 317 290 282 249 219 224 270 281 280 277 274 261 249 235 236 231 236 241 246 255 256 234 231 228 222 216 190 175 168 172 176 149 147 146 145 144 144 146 151 156 165 175 179 184 184 193 212 207 206 200 196 199 191 190 182 176 170 179 179 180 181 183 176 167 166 163 152 151 150 150 149 152 157 158 163 167 175 167 163 157 150 129 127 126 126
265 252 290 317 341 365 365 317 309 311 321 318 288 282 248 225 223 263 278 296 286 285 281 256 241 244 240 244 252 255 260 258 245 248 234 227 218 202 190 175 157 155 149 147 146 145 144 144 148 152 156 165 175 176 178 178 186 201 201 203 207 208 207 201 198 187 182 172 181 182 181 181 182 179 177 179 166 164 167 155 161 163 164 176 167 167 168 182 178 174 161 150 130 127 126 127
312 298 268 266 258 275 304 337 365 335 324 319 288 268 252 247 239 262 283 302 297 305 283 257 252 261 258 260 266 271 268 266 256 247 237 229 216 210 196 171 160 153 150 149 148 147 146 146 148 150 165 168 171 176 180 189 187 192 198 208 215 220 216 207 205 199 190 187 180 185 186 183 179 169 167 168 177 181 191 183 176 174 167 167 166 166 166 176 164 164 162 148 136 131 128 129
319 305 285 307 288 267 287 341 324 309 302 298 276 260 259 254 247 272 287 305 292 279 265 270 279 277 260 267 268 270 263 258 256 248 231 224 216 211 196 166 160 154 151 150 149 148 147 146 149 153 166 171 178 180 185 188 189 198 206 216 224 226 220 220 210 196 194 197 195 194 194 186 177 170 177 179 181 197 197 195 180 176 165 166 163 162 163 164 159 151 149 145 136 133 130 130
335 309 298 323 342 301 289 317 318 313 315 309 271 271 267 250 248 281 296 298 283 278 298 301 308 282 264 275 272 261 253 252 253 233 217 217 212 198 180 163 160 159 152 151 150 148 148 147 150 155 169 177 180 181 181 187 190 204 210 220 231 227 220 217 209 203 208 210 207 206 197 188 178 181 188 189 191 191 189 187 178 176 165 162 153 150 149 148 148 145 144 135 135 132 130 130
365 334 333 335 365 307 309 323 332 338 317 300 277 272 255 252 261 287 293 305 288 288 325 331 319 281 276 276 258 249 236 229 197 208 202 195 192 171 165 160 161 160 153 152 150 149 148 150 154 166 170 181 181 185 185 195 196 211 215 220 232 238 220 220 220 215 215 213 211 207 200 195 181 187 192 197 201 189 180 179 169 166 166 161 153 148 145 143 142 136 135 133 130 129 130 131
343 347 365 365 365 336 336 365 341 328 309 297 278 270 255 259 274 300 308 315 296 287 330 323 309 283 292 273 252 225 197 197 213 218 213 216 212 182 164 160 163 161 154 152 151 150 149 150 154 157 168 179 181 181 185 188 195 211 215 221 231 238 237 230 224 220 220 208 210 200 193 198 187 186 187 192 194 182 177 169 167 165 153 150 147 135 133 132 131 132 132 131 130 130 130 133
330 325 334 337 329 335 334 332 329 326 319 303 291 284 260 264 288 289 317 334 309 295 323 309 308 326 298 247 220 230 253 260 254 241 239 243 230 178 169 167 158 157 155 153 152 151 152 153 156 168 178 181 186 181 178 178 185 190 198 209 210 218 220 217 220 216 216 202 195 201 199 191 187 187 188 187 185 178 169 166 157 166 166 140 134 133 131 130 130 130 130 130 130 130 134 149
344 337 340 338 326 324 331 331 329 323 316 312 298 284 266 268 287 296 307 336 319 304 321 313 324 312 282 228 231 255 272 273 253 250 254 246 227 181 173 163 158 157 155 154 154 153 152 157 159 171 180 188 187 187 179 181 187 186 190 203 199 203 216 206 211 210 209 200 200 200 195 193 188 187 187 180 178 169 166 159 154 156 151 135 134 139 139 131 130 130 129 130 131 130 135 136
338 345 336 365 329 330 335 339 339 341 340 334 305 299 284 274 272 315 309 343 365 320 329 316 309 274 253 236 258 277 283 281 255 267 262 240 218 182 188 165 158 160 156 155 156 156 155 157 159 169 179 181 183 182 181 181 186 186 188 189 195 198 204 198 202 196 197 201 201 202 203 199 187 187 181 172 167 159 158 155 153 154 139 136 140 162 156 145 133 132 130 131 131 131 134 136
340 336 336 336 325 329 329 340 350 365 365 365 313 315 312 299 278 307 319 319 348 365 321 297 274 249 245 275 294 315 298 281 266 275 267 247 220 187 202 178 166 182 157 158 161 160 161 158 161 160 173 179 188 181 181 181 185 186 189 195 195 195 197 194 195 188 193 203 196 195 203 194 183 175 172 168 159 153 159 151 155 150 141 152 166 176 165 147 145 134 132 132 131 132 134 135
327 313 320 324 319 313 313 327 337 365 343 328 326 319 327 311 290 296 327 323 310 307 302 286 265 270 281 318 337 332 303 283 278 280 268 243 215 192 210 203 188 199 188 170 168 166 166 166 171 171 162 169 177 180 181 186 187 186 187 194 194 195 195 194 188 185 186 192 191 194 194 192 184 182 178 162 157 154 153 143 152 149 141 156 166 168 163 148 146 135 133 134 135 135 137 136
318 322 306 300 315 330 335 365 335 315 338 365 365 365 336 318 309 309 318 331 334 325 286 306 321 333 322 326 310 292 284 284 265 246 227 197 189 197 211 208 206 203 212 193 169 169 172 186 172 183 173 172 179 180 178 178 179 186 187 189 195 198 198 197 188 185 184 176 175 177 183 184 156 158 148 146 143 143 142 141 141 140 151 154 152 150 147 140 139 139 139 137 135 134 135 135
312 313 309 294 318 331 339 343 319 310 335 365 365 365 365 365 330 314 334 365 348 315 298 296 331 338 309 272 264 247 240 234 227 199 194 194 197 229 223 214 211 207 196 192 172 185 193 196 190 189 178 177 182 182 181 182 181 187 194 195 203 208 206 204 189 186 185 176 184 184 183 173 158 148 145 143 143 141 141 141 140 140 148 149 148 141 140 139 139 138 138 138 135 135 135 136
294 292 292 304 327 341 365 329 306 314 333 343 365 338 365 365 365 335 334 342 346 365 314 302 313 306 273 241 237 234 228 200 197 197 215 225 243 252 248 236 226 220 206 200 196 201 206 203 202 193 175 184 187 189 190 197 192 187 195 198 204 212 204 198 188 184 184 177 177 182 175 171 158 147 143 141 141 141 140 140 140 140 141 140 139 139 139 139 138 138 138 138 137 136 143 145
283 300 307 313 318 330 365 310 306 325 365 365 337 336 365 365 334 365 365 365 338 365 312 311 322 293 271 259 283 286 261 248 243 249 258 262 268 265 266 262 251 240 228 216 213 213 212 210 203 196 189 188 194 192 194 202 202 188 186 188 196 199 195 195 181 180 179 164 163 158 154 151 145 144 142 141 141 140 140 140 140 139 139 139 138 138 138 138 138 138 138 137 137 145 147 149
304 307 327 337 338 329 365 300 319 335 342 323 326 365 365 323 345 365 365 338 337 332 320 322 309 283 287 287 313 303 280 273 267 258 269 291 305 277 277 280 273 263 244 229 228 220 210 212 206 198 197 195 200 197 195 204 208 199 191 181 180 181 188 186 181 176 162 157 156 153 150 146 144 141 141 140 140 139 140 139 139 139 139 138 138 138 137 137 137 136 137 137 137 145 147 150
300 318 334 346 365 342 327 295 312 320 309 329 365 313 313 339 365 319 330 365 339 331 321 346 365 314 321 339 365 322 323 312 284 301 284 278 310 299 306 309 280 251 223 226 228 229 225 218 217 212 205 202 213 213 206 205 208 209 197 189 181 174 160 158 157 156 155 149 147 146 140 139 140 139 139 139 138 137 137 138 137 137 137 137 137 137 137 137 137 137 136 136 145 145 146 147
311 324 346 331 336 332 312 306 314 310 320 336 326 293 330 335 345 329 365 340 322 316 336 365 334 334 335 337 341 343 365 365 299 307 300 291 307 314 322 296 259 237 252 253 243 236 234 222 225 217 212 205 212 208 210 204 204 202 202 193 189 182 170 156 153 152 151 147 145 140 139 141 140 139 139 138 137 132 136 137 137 136 137 137 137 136 137 136 136 137 136 138 145 145 146 147
320 321 337 318 319 318 300 306 311 308 324 325 304 305 321 331 322 334 342 329 309 312 333 365 365 365 333 317 320 321 332 365 324 316 323 319 324 309 298 274 250 252 280 268 257 251 248 228 228 224 212 212 213 201 199 194 193 187 192 183 180 175 157 153 151 149 148 140 139 139 138 141 139 134 133 133 133 137 136 136 136 136 136 137 137 136 136 136 136 136 136 138 146 146 147 148
331 334 321 318 312 303 289 305 307 309 327 316 286 308 312 311 314 321 330 316 319 335 334 334 365 365 312 327 365 365 333 365 345 365 365 365 330 300 278 269 264 266 301 280 270 259 254 234 233 229 224 216 209 194 188 186 192 181 181 175 172 161 153 150 148 143 141 139 139 138 138 135 134 134 133 133 133 132 137 136 136 136 135 136 136 136 136 136 136 136 136 138 146 146 147 149
336 329 305 305 308 285 281 307 302 319 326 301 301 306 300 308 318 332 319 310 327 329 331 365 354 321 306 346 365 318 328 365 326 365 365 365 341 294 290 284 277 274 307 294 280 274 260 247 244 238 232 218 199 174 178 174 177 175 175 171 158 155 150 144 141 141 140 139 139 138 138 135 134 134 134 133 133 132 132 131 130 130 135 135 136 136 136 136 136 136 137 136 138 138 139 140
266 283 305 297 271 282 293 296 306 292 287 270 305 315 319 331 365 319 306 318 330 332 321 325 299 319 332 337 309 328 365 335 321 365 365 321 314 365 333 307 291 300 365 332 296 277 266 256 254 242 228 210 172 167 165 160 160 157 157 156 153 146 142 141 140 139 139 139 139 138 138 137 134 134 133 133 132 132 132 131 131 130 129 135 135 135 135 138 142 148 149 148 146 146 147 152
292 301 273 271 273 288 289 299 284 264 271 283 306 316 325 332 334 302 308 312 319 317 318 311 301 319 328 331 307 327 330 307 343 365 365 332 305 321 314 307 307 321 300 297 280 275 275 264 253 247 241 217 170 166 166 160 157 157 154 151 146 143 141 141 140 139 139 139 139 139 138 138 137 134 134 133 133 132 132 132 131 131 129 135 135 135 136 149 152 151 151 152 149 148 148 143
278 269 262 264 278 291 284 265 254 269 286 283 279 287 290 294 300 310 313 308 303 319 300 300 314 323 328 365 310 306 321 301 365 365 336 314 295 324 331 316 328 316 302 293 288 292 294 266 261 254 253 226 171 167 168 162 158 155 152 147 145 144 142 141 141 140 139 139 139 139 139 138 137 137 134 134 133 132 132 132 132 131 129 136 135 136 138 157 157 158 158 156 149 148 148 141
265 264 260 281 298 289 284 240 252 263 280 294 315 324 334 330 316 307 298 295 312 294 301 314 326 329 336 338 316 296 312 299 365 351 314 295 292 330 365 365 365 335 319 307 308 292 277 248 232 225 227 220 174 170 165 161 157 153 153 157 154 146 142 141 141 141 140 140 139 139 139 139 138 137 137 134 134 133 132 132 137 137 136 136 136 137 141 157 165 167 166 164 149 149 147 141
248 249 278 305 300 299 276 252 251 281 299 305 327 346 350 365 320 279 268 279 280 294 323 322 329 328 329 329 312 285 309 295 326 312 293 285 294 325 365 365 365 328 295 282 265 244 233 225 227 222 214 197 183 168 163 159 156 150 156 160 159 147 141 142 141 141 141 140 140 139 139 139 138 138 137 136 134 133 132 132 138 139 138 138 138 140 143 158 159 159 166 166 151 151 148 140
255 256 278 283 287 295 255 249 239 275 308 323 321 315 307 292 274 278 297 299 305 314 325 334 339 313 319 289 287 307 293 293 276 284 299 310 321 365 365 365 339 295 278 301 303 279 286 281 279 275 267 256 208 173 156 148 146 144 143 144 143 143 142 142 141 141 142 141 140 140 140 139 139 139 138 137 137 133 133 132 138 140 143 144 144 152 155 158 159 159 158 157 151 152 149 150
