maxent/maxent_rasters/snowcover_depth.asc
ncols        1049
nrows        959
xllcorner    -124.500000000000
yllcorner    32.500000000000
cellsize     0.010000000000
NODATA_value -9999
[rows 204 to 254 of 959, columns 672 to 767 of 1049]
0 0 0 0 0 0 0 0 0 0 0 0 0 0 0 0 0 18 39 53 72 87 103 117 107 120 117 109 107 104 101 92 90 89 88 88 88 88 88 88 88 88 88 88 88 88 88 88 88 89 89 89 89 89 89 88 88 88 88 89 92 100 101 104 105 109 119 126 139 137 137 139 143 143 129 122 111 109 106 106 103 102 102 102 103 105 106 109 121 123 129 129 129 129 128 128
0 0 0 0 0 0 0 0 0 0 0 0 0 0 0 0 0 25 52 58 85 99 115 124 132 123 120 116 108 105 100 91 89 89 88 88 88 88 88 88 88 88 88 88 88 88 88 89 90 89 89 89 89 90 90 88 88 89 89 89 100 101 102 104 106 110 120 125 136 138 139 141 138 136 125 111 109 106 104 103 103 102 102 103 104 105 107 108 117 122 126 127 126 127 128 129
0 0 0 0 0 0 0 0 0 0 0 0 0 0 0 0 20 39 57 71 98 114 123 151 150 131 121 117 108 105 100 91 88 88 88 88 88 88 88 88 88 87 87 87 87 87 89 90 99 91 89 90 90 90 90 89 89 89 89 100 101 102 102 105 107 119 126 126 137 138 144 139 128 125 122 109 106 104 104 103 102 102 103 104 104 106 107 108 110 122 125 124 125 129 136 136
0 0 0 0 0 0 0 0 0 0 0 0 0 0 0 46 57 70 74 87 106 118 136 158 164 134 121 110 107 104 92 89 88 88 88 88 88 88 87 87 87 87 87 87 87 89 90 102 104 104 100 91 91 91 91 90 89 89 90 100 102 104 105 107 109 122 127 139 141 141 140 127 123 113 110 106 106 105 104 104 104 104 104 104 105 107 107 108 109 111 122 126 139 145 143 135
0 0 0 0 0 0 0 0 0 0 0 0 0 0 20 53 57 70 73 87 105 119 136 151 160 131 119 110 106 103 91 89 88 88 88 88 88 87 87 87 87 87 87 87 87 90 91 100 101 104 102 101 92 92 91 91 90 90 90 100 103 105 107 108 109 122 124 128 137 139 135 129 123 121 110 106 105 105 104 104 104 104 104 105 105 107 108 108 109 110 121 125 129 130 140 129
0 0 0 0 0 0 0 0 0 0 0 0 0 18 41 54 66 71 84 88 105 121 139 151 150 134 119 108 105 96 89 89 88 88 88 88 88 87 87 87 87 87 87 87 87 90 99 100 101 104 102 102 101 92 92 100 93 91 90 100 104 105 106 108 109 121 124 128 138 139 126 124 114 112 108 105 105 104 104 104 104 104 105 105 106 107 108 108 109 110 122 124 126 129 139 130
0 0 0 0 0 0 0 0 0 0 0 0 0 20 42 57 70 72 84 87 106 119 135 135 148 131 119 106 98 95 89 89 88 88 88 88 88 87 87 87 87 87 87 87 87 91 100 101 102 102 102 102 101 93 93 100 101 101 101 91 103 103 105 108 110 124 125 126 128 127 115 112 110 107 106 106 105 105 105 104 105 105 105 106 106 107 108 108 109 110 121 123 127 129 130 131
0 0 0 0 0 0 0 0 0 0 0 0 0 41 46 58 70 72 84 86 103 117 121 132 137 122 110 105 98 94 89 88 88 89 89 88 88 87 87 87 87 87 87 87 88 91 100 102 107 105 102 102 102 102 102 102 102 102 102 103 101 103 108 113 120 121 124 126 126 123 112 110 107 106 106 105 105 105 105 105 106 106 106 106 106 108 108 109 110 111 122 125 126 127 130 130
0 0 0 0 0 0 0 0 0 0 0 0 18 41 46 57 67 71 84 87 101 102 107 117 119 108 109 106 96 94 89 90 90 89 89 89 88 87 87 88 87 88 88 89 89 92 101 102 102 104 106 105 106 106 105 105 105 105 106 108 107 102 105 108 111 123 123 125 125 121 107 107 107 106 106 106 105 106 106 106 107 107 107 107 108 108 109 109 110 113 124 127 139 142 142 129
0 0 0 0 0 0 0 0 0 0 0 0 41 47 47 56 67 71 73 85 90 102 114 106 107 104 105 108 97 94 91 90 90 90 90 90 89 89 88 88 88 88 89 89 92 100 100 101 102 102 107 107 107 107 107 106 107 108 110 109 108 108 108 104 109 114 123 123 120 110 107 106 106 106 106 106 106 106 106 106 107 107 108 108 108 108 109 110 112 114 125 129 139 145 145 130
0 0 0 0 0 0 0 0 0 0 0 0 42 49 48 61 63 67 72 83 87 99 100 100 101 102 104 105 103 101 91 90 90 91 90 90 89 89 88 88 89 89 89 91 100 101 101 102 102 105 107 108 108 108 108 108 110 121 114 111 113 114 108 105 109 126 128 114 118 108 107 106 106 106 106 107 107 107 106 107 108 108 108 108 108 109 110 112 113 114 126 129 140 146 158 130
0 0 0 0 0 0 0 0 0 0 0 27 42 47 46 49 63 64 68 69 84 86 89 98 99 102 102 102 102 100 100 90 91 91 90 91 90 90 88 89 91 89 91 100 100 101 102 102 104 106 108 110 118 118 118 110 121 123 121 119 114 111 108 106 109 114 114 110 108 108 107 107 107 107 107 108 107 107 107 108 108 108 108 108 108 110 112 113 114 123 129 137 144 149 146 130
0 0 0 0 0 0 0 0 0 0 0 0 41 20 42 50 60 62 66 67 80 86 87 88 90 100 101 101 92 92 102 92 91 90 90 91 91 90 90 91 91 91 91 100 100 102 103 104 106 108 118 122 123 124 123 121 125 123 123 122 115 110 106 105 106 108 108 107 107 108 108 107 108 108 108 108 108 108 108 108 108 108 108 109 109 111 112 114 115 124 138 141 141 145 145 130
0 0 0 0 0 0 0 0 0 0 42 49 64 47 42 45 49 50 60 64 67 68 79 82 85 87 90 91 88 88 101 101 92 91 99 92 92 93 93 91 100 100 100 101 101 104 105 106 108 109 122 126 128 127 125 128 128 126 124 122 109 107 106 107 106 105 106 106 107 108 109 113 111 111 114 115 111 110 109 109 109 109 109 111 111 113 114 115 128 127 144 145 148 158 148 141
0 0 0 0 0 0 0 0 0 0 49 64 67 51 48 50 51 50 51 61 66 67 68 80 85 87 87 87 87 87 102 102 100 99 100 99 100 100 101 100 100 101 101 101 102 105 107 108 108 110 123 127 126 127 126 128 129 127 124 121 109 108 108 108 108 106 106 107 107 108 114 114 113 114 116 114 113 111 110 109 109 109 111 112 112 113 114 127 129 128 144 149 150 147 144 142
0 0 0 0 0 0 0 0 0 20 63 65 70 64 61 51 51 61 61 64 65 66 67 79 83 86 86 86 86 87 101 104 101 101 101 100 101 100 101 101 101 101 101 102 102 108 109 109 110 110 124 125 124 126 127 128 127 126 124 112 109 109 109 109 110 114 108 108 109 108 114 112 113 114 116 114 114 113 112 112 110 111 112 112 113 114 115 128 132 129 143 145 146 144 140 140
0 0 0 0 0 0 0 0 20 42 65 67 82 69 65 62 65 62 65 65 66 67 67 68 82 87 85 85 86 87 102 106 104 102 102 102 102 100 101 102 101 102 102 103 104 110 117 110 111 118 122 124 127 126 128 128 125 124 122 112 110 111 111 114 129 114 108 108 107 108 110 112 114 115 116 114 114 113 113 113 112 112 112 113 113 115 132 132 134 139 145 149 145 143 140 130
0 0 0 0 0 0 0 0 20 48 67 69 85 80 68 64 67 66 66 67 67 68 69 69 78 84 84 85 87 87 103 105 104 104 102 101 101 101 101 102 102 103 102 104 106 109 109 110 111 120 125 128 135 129 130 129 128 126 124 123 114 114 114 116 134 111 108 107 108 108 112 114 114 115 116 115 114 114 114 113 112 112 113 114 114 129 132 133 136 144 147 158 147 145 141 129
0 0 0 0 47 27 21 27 47 49 80 86 87 86 80 70 69 70 70 80 80 83 83 83 84 98 100 87 88 101 104 105 106 104 102 102 102 103 103 103 104 104 104 106 107 108 109 111 123 125 139 140 137 139 138 138 130 129 129 128 125 126 127 134 130 110 109 107 108 112 114 115 115 116 116 116 116 115 115 116 115 115 116 128 132 135 129 130 138 144 158 164 158 159 151 144
0 0 18 62 62 52 39 43 50 62 79 86 87 87 83 80 81 81 81 85 85 85 86 86 85 99 99 89 91 101 106 105 105 104 102 102 103 103 104 103 104 104 104 105 106 108 110 121 126 137 141 139 139 138 139 137 137 133 131 130 128 129 141 140 130 113 109 108 108 112 114 115 116 117 117 124 124 124 125 125 126 126 129 129 143 145 143 130 142 146 159 162 150 145 145 139
0 0 52 64 55 55 54 53 50 64 70 83 87 87 85 83 85 85 87 87 88 87 87 89 87 88 91 101 102 103 104 104 104 103 102 103 103 103 104 104 105 105 105 105 106 108 118 126 129 130 131 138 140 139 140 138 139 140 143 140 141 142 145 143 130 114 110 108 108 110 115 116 128 117 118 126 127 127 129 129 130 139 144 146 145 145 141 140 141 145 151 161 158 146 144 130
0 48 65 67 67 68 68 59 53 63 70 84 85 87 86 85 86 87 88 89 101 99 102 101 88 101 101 103 105 104 105 104 102 102 102 103 103 103 104 104 105 105 106 105 106 109 122 129 130 130 130 138 139 140 141 141 141 144 144 145 146 146 148 145 139 114 110 108 108 110 116 128 129 129 126 129 131 131 140 141 145 147 159 163 163 146 142 145 148 150 159 161 151 145 142 130
41 62 71 72 72 74 85 75 69 65 80 85 87 87 87 87 88 90 101 102 106 102 105 103 101 102 102 105 107 107 105 104 102 102 102 103 104 104 104 104 105 106 105 106 107 110 124 129 128 130 130 131 138 141 144 144 144 156 156 156 161 161 151 145 130 115 111 108 108 112 115 117 130 132 129 140 145 144 146 159 161 161 166 169 163 146 145 145 149 161 162 152 147 145 144 130
66 58 59 74 86 89 101 101 88 85 80 70 84 88 102 104 107 104 106 110 124 118 124 120 108 107 109 109 109 109 107 105 105 104 104 104 104 104 104 105 104 104 106 106 107 113 123 125 128 127 129 132 144 154 155 160 158 158 156 159 163 147 143 140 128 114 112 109 108 112 115 128 130 129 140 140 132 133 142 145 146 147 155 156 157 155 160 174 160 174 170 161 161 151 148 145
71 69 71 86 88 102 101 103 88 87 86 81 81 87 88 104 109 108 108 113 133 126 135 124 117 110 117 110 118 120 108 106 106 105 105 105 105 104 105 105 105 105 106 106 108 110 114 124 125 126 131 141 144 144 155 156 156 145 155 149 147 144 141 130 125 113 110 108 112 112 115 128 130 130 139 144 144 145 147 162 144 144 148 156 159 159 172 184 173 172 176 170 161 162 160 163
88 83 84 87 102 115 104 103 93 89 87 85 85 88 105 106 110 111 113 126 138 138 139 135 122 118 121 119 118 121 108 107 107 107 106 106 105 105 105 104 105 106 106 107 108 111 114 123 125 129 140 145 145 145 156 145 154 146 144 142 133 130 129 126 116 112 109 110 114 115 117 130 132 131 140 146 150 162 151 148 148 146 154 155 158 161 172 177 184 175 185 174 174 172 166 169
101 100 90 92 116 116 115 108 101 91 101 89 87 89 106 105 108 108 112 127 136 139 139 128 123 120 119 120 120 121 111 108 108 108 107 107 106 106 106 105 106 106 106 107 108 112 114 115 126 129 140 142 145 148 145 147 145 141 131 129 127 125 117 115 114 109 110 113 114 117 118 132 129 131 140 147 160 169 159 156 155 147 156 156 159 172 177 185 198 190 192 184 185 172 168 166
88 104 104 104 123 121 116 103 102 103 105 100 88 88 103 104 106 108 110 125 136 138 136 125 123 120 120 122 124 124 113 112 111 110 108 108 107 107 106 106 106 106 107 107 109 112 114 115 126 129 143 145 146 146 145 144 140 130 128 127 117 115 114 113 110 110 111 113 114 117 133 130 129 129 131 146 150 160 162 159 158 156 155 156 159 172 178 191 188 178 177 173 173 163 162 152
102 107 115 119 122 120 121 119 122 123 106 102 102 100 102 103 105 111 125 124 120 117 121 119 110 122 128 127 129 127 129 128 125 122 113 109 108 108 108 108 107 108 108 110 110 113 114 115 129 129 141 145 151 146 142 130 129 127 117 115 113 112 111 110 111 114 115 128 128 129 133 139 131 129 131 145 149 162 160 156 160 163 160 160 160 174 184 186 184 173 153 152 151 148 145 141
89 101 108 116 124 135 136 136 124 120 105 105 104 102 104 104 106 111 124 110 107 108 110 109 108 121 125 129 138 129 130 129 128 124 113 110 109 109 108 108 108 109 110 110 111 114 115 116 128 128 139 144 145 143 143 129 126 124 116 114 111 111 110 110 111 113 116 117 118 129 135 141 144 132 133 146 160 161 163 160 165 165 162 164 172 178 185 173 174 170 149 148 147 145 143 131
116 103 107 116 119 135 125 124 119 117 112 109 105 103 104 105 104 105 106 104 104 105 107 108 108 119 122 125 137 140 141 140 129 123 114 111 110 110 109 109 110 110 110 111 112 114 116 128 130 130 145 145 145 145 145 129 125 116 114 114 110 110 110 111 111 113 115 117 118 129 133 143 145 140 143 150 161 163 164 164 173 177 175 176 178 177 173 164 173 178 147 147 146 140 140 132
115 119 123 133 124 149 137 125 121 120 123 109 106 104 104 102 101 101 102 101 102 102 104 106 106 108 111 122 125 137 142 139 127 124 121 112 112 112 110 109 111 110 110 111 113 115 128 130 132 136 145 148 150 150 146 129 125 115 114 112 111 110 111 111 111 114 114 116 128 129 132 144 143 143 145 150 153 162 172 173 178 187 186 190 193 175 165 160 159 162 145 145 143 133 133 129
118 123 133 135 138 141 135 133 135 129 113 108 106 104 103 100 100 100 91 91 101 101 102 102 104 107 109 121 124 137 142 130 126 123 122 113 112 111 111 110 110 112 111 112 113 114 127 130 132 136 146 150 159 150 146 129 124 114 113 110 111 111 111 111 112 114 115 116 117 118 132 142 140 143 145 150 161 172 174 178 200 201 204 205 201 189 176 160 150 148 143 140 135 132 130 116
124 133 134 137 142 136 133 124 133 126 110 106 103 102 100 89 88 88 89 89 91 92 101 102 103 106 109 124 138 144 139 129 126 125 124 125 124 115 114 114 114 114 114 113 112 114 115 129 133 137 162 164 164 151 145 127 123 113 111 112 112 111 112 113 114 115 117 118 129 131 133 131 142 144 145 150 153 162 174 188 200 205 221 218 204 177 173 160 150 145 135 133 132 129 117 114
150 154 151 151 150 133 133 120 118 110 106 102 102 100 89 88 88 88 88 89 91 92 92 102 102 107 110 123 138 144 139 130 128 126 126 129 127 117 116 115 115 115 115 114 113 114 116 129 134 138 158 164 163 151 145 125 114 113 111 112 112 112 113 113 114 116 117 118 129 132 131 132 142 144 145 150 153 162 175 188 191 205 221 217 201 174 161 152 147 145 136 134 132 129 116 114
158 158 150 137 137 123 122 121 110 107 102 102 90 89 87 87 88 88 88 89 91 91 92 102 103 108 110 121 126 138 140 141 131 129 128 130 128 126 117 118 116 117 117 115 114 114 127 131 133 138 160 165 162 150 143 124 114 113 112 111 112 113 113 114 114 116 117 128 131 132 131 139 142 144 145 150 153 160 164 175 189 202 207 203 189 172 160 150 145 144 134 132 132 117 115 114
153 151 155 140 133 139 125 110 108 108 100 89 87 87 87 87 88 88 88 89 91 91 92 102 103 108 110 121 125 129 146 150 145 140 131 130 138 129 131 130 129 129 128 116 114 115 128 129 132 139 162 166 160 147 142 123 114 113 112 111 111 112 113 114 115 117 128 129 131 132 131 132 143 144 145 152 161 159 171 184 192 205 205 189 176 161 152 148 145 142 133 132 130 117 115 114
143 135 140 141 139 122 132 113 105 102 89 87 87 87 87 87 88 88 88 88 89 91 92 102 104 108 121 126 129 143 161 164 148 145 140 131 131 130 132 131 132 130 129 117 115 114 116 128 131 136 159 163 160 146 133 123 114 112 112 111 111 112 113 114 115 117 128 129 131 132 130 132 142 145 146 160 162 161 171 177 189 200 189 178 166 156 149 145 143 136 132 132 129 117 115 114
154 139 139 124 116 101 90 89 87 87 87 87 87 87 87 87 87 88 88 88 91 91 93 103 106 113 124 129 143 161 178 163 151 147 145 141 139 139 142 136 135 134 132 129 117 115 117 128 131 134 148 151 147 131 127 114 113 112 111 111 111 112 113 113 114 116 118 129 131 133 141 144 146 149 151 147 150 161 163 171 172 178 172 160 158 148 147 144 140 135 132 132 130 128 126 114
141 136 121 113 106 89 87 87 87 87 86 87 86 87 87 87 87 87 88 88 91 92 102 103 106 114 129 145 158 166 176 162 158 149 147 144 141 141 145 145 138 134 132 130 128 116 117 129 132 134 147 145 141 129 126 114 113 112 112 111 111 111 112 113 114 116 117 129 131 134 142 145 151 162 164 150 149 152 162 160 176 177 171 173 171 161 163 146 139 135 133 132 131 127 126 124
119 125 114 105 91 87 87 87 86 86 86 86 87 87 87 87 87 88 88 89 91 92 103 104 107 116 140 147 175 190 175 165 163 161 151 145 145 142 145 145 139 135 133 132 129 116 128 128 132 135 147 146 143 129 125 114 113 112 111 111 111 111 112 113 114 116 128 131 132 133 144 145 149 160 164 161 160 164 165 173 186 177 177 183 168 164 160 146 139 135 132 131 130 127 126 125
116 113 108 100 88 87 86 85 85 86 86 86 86 87 87 87 88 88 88 89 92 92 103 105 109 116 137 146 164 179 180 169 164 159 150 148 147 145 146 145 137 134 132 132 129 118 129 131 132 135 142 146 144 131 118 114 113 112 111 111 111 111 112 113 114 116 117 131 132 136 145 145 146 159 152 161 161 163 166 167 177 184 183 177 180 152 149 145 139 137 132 132 131 129 126 129
108 103 103 89 87 86 85 85 85 85 86 86 86 86 87 88 88 88 89 89 92 102 104 106 111 128 137 146 162 166 180 177 165 160 151 148 146 145 150 146 141 134 133 132 132 118 132 132 132 136 138 144 143 134 118 114 114 112 111 111 111 111 112 113 114 115 117 131 132 137 143 144 145 148 150 152 152 161 162 165 169 177 184 170 166 160 149 145 139 138 133 134 133 131 129 128
104 101 89 87 87 85 85 85 79 85 85 86 86 86 87 87 88 89 90 91 102 103 105 110 112 128 132 140 146 156 164 163 160 159 151 145 145 145 146 144 140 132 134 133 132 132 132 133 135 137 135 134 134 131 118 115 114 113 111 111 111 112 113 114 114 116 117 129 132 135 141 145 149 151 162 163 165 165 167 169 181 181 182 182 177 152 148 146 142 141 136 134 133 134 133 130
90 89 87 86 85 84 79 79 79 79 86 86 86 87 87 88 88 89 91 91 102 104 104 109 111 116 132 136 142 146 150 150 150 149 149 145 145 145 145 144 133 131 131 133 132 132 133 134 136 137 136 132 131 119 118 116 115 114 112 111 112 112 113 113 114 115 116 118 131 132 143 144 145 147 151 164 164 164 166 167 169 180 181 169 166 150 146 145 141 140 135 134 134 134 134 133
88 87 85 85 84 79 78 79 79 79 80 86 86 86 87 88 89 90 91 92 102 103 104 106 110 115 133 134 141 145 146 146 146 145 145 145 143 143 144 144 139 131 131 133 133 134 135 136 137 137 136 133 131 119 118 117 116 115 113 112 112 112 113 114 114 115 116 118 131 132 145 148 159 160 162 163 162 163 165 165 164 165 169 170 164 148 145 142 140 137 134 133 134 134 133 134
86 85 84 83 76 78 78 78 79 79 80 80 86 86 87 88 89 90 91 92 103 103 104 105 107 127 132 132 135 137 142 142 143 142 145 144 141 141 141 141 132 131 131 133 132 135 136 136 136 138 137 134 132 130 119 117 117 115 114 113 112 112 112 113 114 115 116 117 131 132 145 149 162 168 166 161 162 165 169 167 152 160 162 163 162 145 144 139 138 137 133 133 134 133 133 134
85 82 83 78 76 78 78 78 79 79 80 80 80 81 86 88 89 91 92 93 103 104 104 105 109 115 132 131 131 133 136 136 140 141 142 140 140 133 133 132 133 131 130 133 133 136 136 137 137 137 136 135 132 130 119 118 129 116 115 115 114 113 112 113 114 114 116 117 131 132 144 148 161 167 168 152 161 165 169 166 150 149 150 150 148 139 138 138 137 139 133 133 133 132 132 134
76 76 76 76 76 78 78 78 79 79 79 80 80 81 82 90 91 93 103 104 105 107 110 112 114 130 114 113 115 130 133 132 132 132 132 133 130 130 131 132 132 133 132 132 135 136 136 137 137 136 134 133 134 132 118 116 117 118 119 132 129 116 114 112 112 114 114 115 117 131 147 163 169 177 178 161 150 149 151 150 146 145 141 141 140 136 136 138 141 137 133 130 130 130 133 134
76 76 76 76 76 78 78 79 79 79 80 81 81 82 83 92 93 103 104 105 110 113 127 132 128 127 115 114 115 130 132 132 131 132 132 132 132 134 132 140 132 140 140 132 132 137 136 136 135 136 133 132 119 118 116 115 116 118 131 132 132 117 114 112 112 113 114 114 116 129 145 161 167 177 181 163 152 147 145 145 141 140 139 139 139 136 136 139 139 134 132 129 130 135 138 138
76 76 76 76 76 78 78 79 79 80 80 81 82 83 91 102 104 105 109 111 112 115 134 134 130 127 127 116 116 128 131 129 129 129 131 132 132 135 144 144 143 144 143 143 133 137 135 135 134 134 119 118 117 116 115 114 115 116 117 118 118 116 114 112 112 113 114 114 116 118 138 148 161 168 176 162 150 146 145 144 140 139 137 139 139 136 138 140 139 134 129 129 133 140 149 140
