maxent/maxent_rasters/soil_moisture.asc
ncols        1049
nrows        959
xllcorner    -124.500000000000
yllcorner    32.500000000000
cellsize     0.010000000000
NODATA_value -9999
[rows 150 to 199 of 959, columns 96 to 191 of 1049]
388 382 378 373 367 359 350 342 338 335 333 331 332 335 338 340 341 341 341 340 340 340 339 338 337 334 330 327 326 327 329 331 332 333 333 333 333 331 328 324 322 320 319 318 317 317 316 316 315 315 315 315 316 314 310 306 302 298 296 293 291 289 289 290 290 290 292 294 297 299 301 304 306 309 310 311 312 313 314 314 315 315 316 317 318 318 319 320 321 323 323 319 313 306 300 297
386 383 380 378 371 363 354 346 341 339 336 334 335 338 341 343 345 345 346 346 346 345 344 343 342 339 335 332 329 330 330 330 330 330 330 330 329 327 325 322 319 318 318 317 317 317 316 316 316 317 318 319 321 321 318 314 311 307 303 299 296 293 294 294 295 295 297 299 301 303 306 309 312 315 316 318 320 322 323 322 322 322 322 321 321 321 321 321 322 322 322 319 313 307 302 299
385 384 383 382 376 368 359 351 346 343 340 337 338 341 344 347 349 351 352 353 354 352 351 350 347 344 340 337 334 333 331 330 329 328 327 325 325 323 321 319 317 316 316 316 316 317 317 317 318 319 321 324 327 328 326 323 321 317 312 307 302 298 299 299 300 301 303 304 306 307 311 315 319 322 325 327 330 332 333 332 331 329 328 326 325 324 323 322 322 321 321 318 313 309 305 302
383 384 386 387 381 373 363 355 350 347 343 340 341 344 348 350 353 355 358 360 360 359 357 355 353 349 345 342 338 335 332 329 327 325 324 322 320 319 317 316 315 315 315 316 316 317 317 318 319 321 324 328 332 335 333 332 330 327 321 314 307 302 303 304 306 307 308 309 311 312 315 320 325 329 332 335 338 341 343 341 339 336 333 331 328 326 324 323 322 321 320 317 314 310 307 304
382 385 388 390 384 377 368 361 355 351 347 343 344 348 351 354 358 360 363 365 366 364 362 361 358 355 351 347 343 339 334 330 326 324 322 320 318 317 316 316 315 316 316 317 318 318 319 321 322 324 328 333 337 340 339 338 337 334 327 319 312 306 307 309 311 313 314 315 316 317 321 326 331 335 338 341 344 347 349 346 342 339 335 332 329 325 323 321 320 318 317 315 312 310 307 304
381 385 388 391 386 379 372 366 360 356 350 346 347 351 355 358 361 363 365 367 368 366 365 364 362 359 355 352 348 343 338 333 329 327 325 323 321 320 320 320 321 321 322 322 323 324 324 325 326 328 332 335 339 341 341 340 339 335 329 322 315 310 311 313 315 316 318 319 321 323 326 330 335 338 340 342 344 345 345 342 338 334 330 326 323 319 317 316 314 313 312 310 308 306 304 301
382 385 388 391 387 382 377 372 366 361 355 350 351 355 359 363 365 367 368 370 370 369 368 368 366 363 360 357 353 348 342 337 333 331 329 326 324 324 325 326 327 328 328 329 330 330 331 331 332 333 336 339 341 343 342 341 340 337 331 324 318 313 315 316 319 321 323 325 327 329 332 335 339 342 343 343 343 342 341 337 332 327 323 319 315 312 309 309 308 307 307 305 303 301 299 297
382 385 389 391 389 385 381 378 372 366 359 353 354 358 363 367 369 370 371 371 372 372 371 371 370 368 365 362 358 353 346 340 336 334 332 329 327 328 329 331 333 334 334 335 335 336 336 336 337 338 339 342 343 344 343 342 340 338 332 326 321 317 318 320 322 324 327 330 333 335 338 340 343 345 345 343 342 340 336 332 326 321 316 313 309 305 302 302 302 302 302 301 299 297 296 294
382 385 388 391 389 387 385 382 376 369 362 356 357 361 366 370 372 372 373 373 373 373 373 374 373 371 368 366 362 356 349 343 338 336 334 332 330 331 333 335 337 338 339 339 340 340 340 340 341 341 342 344 345 345 344 343 341 339 334 328 323 319 321 323 325 327 330 333 337 340 342 344 345 347 346 344 340 337 333 328 322 316 311 307 304 300 297 297 298 298 298 297 295 294 292 291
381 383 385 387 387 386 385 384 379 372 364 357 357 361 364 367 369 370 371 372 372 373 373 374 373 371 369 367 363 358 352 346 342 340 337 334 332 332 333 335 336 337 338 338 339 339 339 339 339 340 342 344 346 347 347 347 346 344 339 333 327 323 324 325 326 328 330 332 335 337 338 339 340 340 339 337 334 332 328 323 318 312 307 304 300 297 294 294 294 294 294 293 291 290 288 287
379 380 382 383 384 385 386 387 381 374 366 360 358 360 362 364 365 367 369 370 371 372 372 373 373 371 369 368 365 360 355 351 347 344 341 337 334 333 334 334 334 335 336 337 338 338 338 337 337 338 341 344 347 350 351 352 353 351 346 339 333 328 328 328 328 328 329 330 332 333 333 333 332 331 330 329 327 325 322 317 312 307 303 300 296 293 291 290 290 289 288 287 286 285 283 282
376 377 378 378 380 383 386 389 384 377 369 362 359 359 360 360 361 364 366 369 370 371 372 373 373 372 370 369 366 363 359 355 352 349 345 341 337 335 334 333 333 333 334 336 337 337 336 335 335 336 339 344 348 352 355 357 360 359 353 346 339 334 332 331 330 329 328 328 329 329 327 325 323 321 320 319 318 317 315 311 306 301 297 295 291 289 287 286 285 283 282 281 280 279 278 277
375 374 374 374 377 382 387 391 387 379 371 364 360 359 357 356 358 361 364 367 369 370 371 372 373 372 370 369 368 365 362 359 357 353 348 343 339 336 334 333 331 332 333 335 336 336 335 334 333 334 338 344 349 354 358 362 365 365 359 351 344 338 336 334 331 329 327 327 326 325 322 319 315 312 311 311 310 310 309 305 300 296 293 290 287 285 283 282 280 279 277 276 275 274 273 272
376 374 373 372 375 379 384 388 385 378 372 366 362 360 358 356 358 361 365 368 370 370 371 371 371 370 369 367 366 363 361 358 356 353 349 344 340 337 335 332 330 330 332 333 334 334 333 333 332 333 338 344 349 354 358 361 364 364 358 350 343 337 334 331 327 323 321 320 318 316 313 309 305 302 301 300 300 300 299 296 292 289 286 284 281 279 277 276 274 272 271 270 269 267 267 266
379 376 373 371 373 376 380 383 381 376 372 367 364 362 359 357 359 362 366 370 371 371 371 370 370 368 366 364 362 360 357 355 353 350 347 344 340 337 335 332 330 329 330 331 332 332 332 332 332 333 338 343 348 353 355 358 360 360 354 346 339 333 330 325 321 317 313 311 308 306 303 299 296 293 291 291 291 290 289 287 284 281 279 277 274 272 271 270 268 266 265 264 263 262 261 260
382 377 373 370 371 373 376 377 376 374 371 369 366 364 361 359 360 364 368 372 372 372 371 370 368 366 363 361 359 356 354 351 349 348 345 343 341 338 335 332 329 328 329 330 330 331 331 331 331 333 338 343 348 351 353 355 356 355 349 341 334 329 325 320 314 309 305 302 298 295 292 288 285 282 281 280 280 279 278 277 274 273 271 269 267 265 264 263 261 260 258 257 256 255 254 253
385 379 374 370 370 371 372 373 373 372 371 370 368 365 362 360 362 365 369 373 374 372 370 369 366 364 361 358 355 353 350 348 346 345 344 342 341 338 335 332 329 328 328 328 329 329 330 330 331 333 337 342 347 350 351 351 352 350 344 337 330 325 320 314 308 302 297 293 289 286 282 279 276 273 272 271 271 270 269 268 266 265 264 262 261 259 258 257 255 254 252 251 250 249 248 247
386 380 374 370 370 371 371 371 371 371 370 370 368 365 362 360 361 364 368 371 371 370 367 365 363 360 357 354 351 349 347 345 343 343 342 342 342 340 337 335 333 331 331 330 329 329 329 329 330 331 335 339 342 345 345 344 344 341 336 329 323 319 314 308 301 295 290 287 283 279 276 273 270 267 265 265 264 263 262 261 260 259 257 256 255 253 252 251 250 248 247 245 244 243 242 241
386 381 376 372 371 371 371 371 371 370 370 369 367 364 361 359 360 362 365 368 368 366 363 361 358 356 352 350 347 345 344 342 341 341 341 342 342 341 340 339 339 337 335 333 331 330 329 328 328 328 331 334 337 338 337 336 334 332 327 321 316 312 307 301 295 289 285 282 278 276 272 269 266 263 261 260 259 258 256 255 254 253 252 251 249 248 247 246 245 243 242 241 240 238 237 236
387 382 377 373 373 372 372 371 370 370 369 368 366 363 360 358 358 360 362 364 364 361 359 356 354 351 348 345 342 341 340 339 338 339 340 342 343 344 344 344 345 342 339 336 333 331 329 327 326 325 327 329 331 331 329 327 324 321 317 312 308 304 300 294 287 282 278 276 273 271 268 265 261 258 257 255 253 252 250 249 248 247 246 245 244 242 241 240 239 238 236 235 234 233 232 231
387 383 378 375 374 373 372 371 370 369 368 367 364 362 359 357 357 358 360 361 360 358 355 352 350 347 344 341 339 338 337 336 336 337 339 341 343 345 347 349 350 347 343 338 334 332 329 327 324 322 323 324 325 325 322 319 316 312 309 305 301 298 294 288 281 276 273 271 269 267 264 261 257 254 253 251 249 247 245 244 243 242 241 240 239 238 237 236 234 233 232 231 229 228 227 226
390 385 382 379 377 375 373 372 370 369 367 365 363 362 360 358 358 359 361 362 361 358 354 350 347 345 342 340 338 338 337 337 336 338 340 342 343 346 348 350 352 349 344 338 334 331 329 326 323 321 320 320 320 319 315 311 307 303 300 297 294 291 287 282 276 271 267 266 264 262 259 256 252 249 248 246 244 242 241 239 238 237 236 235 233 232 231 230 229 228 227 226 224 223 222 220
393 389 385 383 381 378 375 373 370 368 366 364 363 362 361 360 361 362 363 364 363 359 354 349 345 344 342 341 340 339 339 338 338 339 341 342 344 346 348 350 352 349 343 338 333 330 328 325 322 320 319 317 316 313 309 305 300 296 294 290 288 285 281 276 271 266 263 261 258 256 253 250 247 244 243 241 240 238 236 235 234 232 231 230 229 228 227 226 225 224 223 221 220 218 217 216
396 393 390 387 385 381 377 374 370 368 365 363 362 362 362 362 363 364 366 367 365 360 354 348 344 343 342 342 341 341 340 340 340 341 342 343 344 346 348 350 351 348 343 337 332 329 327 324 322 319 316 313 311 307 303 298 293 288 286 283 281 279 275 271 266 262 258 256 253 250 247 245 241 239 238 236 235 233 232 230 229 227 226 225 224 223 222 221 220 219 218 216 215 213 212 210
398 396 393 391 388 383 379 374 370 368 364 362 361 362 363 364 365 366 368 369 367 361 354 347 342 342 342 342 342 342 342 342 341 342 342 343 344 346 347 350 351 348 342 336 331 328 326 324 321 318 314 310 307 302 297 292 287 282 280 277 275 273 270 266 261 258 254 251 248 245 242 240 237 235 233 232 231 229 228 226 225 223 221 220 219 218 218 217 216 215 214 212 211 209 207 206
400 398 396 394 390 385 380 375 371 368 364 361 361 362 363 363 365 366 367 368 366 360 354 348 343 343 342 342 342 342 341 341 340 341 341 341 342 344 346 348 349 346 341 335 330 327 325 323 321 317 313 309 304 299 294 289 283 279 276 274 271 270 267 263 259 256 252 249 246 243 240 237 234 232 231 230 228 227 225 224 222 220 219 218 216 215 215 214 213 212 211 209 208 206 204 203
401 399 398 396 392 387 382 377 373 369 365 362 361 361 361 361 361 362 362 363 361 358 354 350 347 345 343 342 340 339 338 337 336 336 336 336 337 338 341 343 345 342 338 332 328 326 324 322 320 317 312 307 303 297 292 287 282 277 274 271 268 266 264 261 258 255 252 248 245 242 238 235 232 230 228 227 225 224 222 221 219 217 215 214 213 212 211 210 209 208 207 206 204 202 201 200
403 402 400 399 395 390 384 380 375 371 367 363 361 360 358 357 357 357 357 357 357 355 354 353 351 348 345 342 338 336 334 332 330 330 330 330 330 332 335 337 340 338 334 329 326 324 322 320 319 316 311 305 300 295 290 284 279 274 271 268 264 262 260 258 256 254 251 247 243 240 237 233 230 227 225 224 222 221 219 217 215 213 212 210 209 208 207 206 205 204 203 201 200 198 197 195
405 404 402 401 397 392 387 382 377 373 368 364 361 359 356 354 353 353 352 352 352 353 354 355 355 350 346 341 336 333 330 327 325 325 325 325 325 327 329 332 335 333 330 326 324 322 321 319 318 315 310 304 298 292 288 282 277 272 269 265 261 258 257 256 254 253 250 246 242 239 235 232 228 224 223 221 219 218 216 214 212 210 208 207 205 204 203 202 201 200 199 197 196 194 193 192
405 405 404 403 399 394 389 384 379 374 369 364 361 358 355 352 351 349 348 347 348 350 353 356 356 352 347 342 337 333 329 325 322 322 321 320 319 321 324 327 329 328 325 323 320 319 318 317 316 313 308 303 297 292 287 282 277 272 268 263 259 255 255 254 253 252 249 246 241 238 234 230 225 222 220 218 216 214 212 211 208 206 204 203 201 200 199 198 197 195 194 193 191 190 189 187
403 403 404 403 400 395 390 386 380 375 370 365 361 358 356 353 351 349 347 346 346 348 350 351 352 350 348 346 343 338 333 328 325 323 321 319 317 318 320 322 324 322 320 317 315 314 314 313 313 311 307 303 299 294 290 284 279 274 269 264 259 255 255 254 253 252 249 245 241 237 232 228 223 220 218 216 214 212 209 207 205 203 201 200 198 197 195 194 193 191 190 188 187 186 184 183
400 402 403 404 401 397 392 388 382 376 370 365 361 359 356 354 351 349 347 344 344 345 345 346 347 348 349 350 349 344 338 333 328 325 322 318 315 314 315 316 317 316 314 311 309 309 309 309 309 309 306 303 301 297 293 287 283 277 272 266 260 256 255 254 253 253 249 245 240 236 231 226 221 217 215 213 211 208 206 204 201 199 197 196 194 193 191 190 189 187 185 184 182 180 179 177
397 400 403 404 402 398 393 390 384 378 371 365 361 359 357 355 352 349 346 343 342 342 342 342 343 346 350 354 355 349 343 336 332 327 322 317 312 310 311 311 312 310 308 306 304 304 304 305 306 307 306 304 303 300 296 290 286 280 274 267 261 256 255 255 254 253 249 244 239 234 229 225 220 215 213 211 208 205 203 201 198 196 193 192 190 189 188 186 185 183 181 179 178 176 174 173
394 397 401 403 401 398 394 391 385 378 371 365 362 359 357 354 351 348 345 342 340 339 338 337 338 343 349 354 356 350 344 338 333 328 322 316 310 308 308 307 306 305 303 301 299 299 300 301 302 303 303 303 303 301 297 292 287 282 275 268 262 257 256 255 254 253 249 244 238 234 228 223 218 213 211 208 205 202 199 197 194 192 190 188 186 185 184 182 180 178 177 175 173 171 169 168
389 393 397 399 398 395 393 391 385 379 372 366 361 358 355 352 349 346 343 340 339 337 335 334 334 338 343 347 348 344 339 334 330 326 321 315 310 308 307 306 304 302 300 298 296 295 296 297 298 298 298 298 298 297 294 290 287 282 276 269 263 258 257 256 255 254 249 244 238 233 228 223 217 213 210 207 203 200 197 194 191 189 187 185 183 181 180 179 177 175 173 171 170 168 166 164
384 388 392 395 394 393 391 390 385 379 372 366 361 357 352 348 345 343 340 338 337 335 333 331 330 332 335 338 339 336 332 328 326 323 319 314 310 308 306 304 302 300 297 294 292 291 291 292 292 293 293 293 293 293 291 288 285 282 276 270 264 260 259 257 256 254 250 244 238 233 227 222 216 212 208 205 201 197 193 191 188 186 183 181 179 177 176 175 173 171 169 168 166 164 162 160
379 383 387 390 390 390 390 390 385 379 372 367 361 356 350 345 342 340 338 337 335 333 330 328 326 327 328 330 330 328 326 324 323 320 317 314 311 308 305 303 300 297 295 291 289 288 287 287 287 287 288 288 289 289 288 286 284 281 277 271 266 262 260 259 257 255 250 245 238 233 227 222 216 211 207 203 199 195 191 188 185 183 180 178 176 174 172 171 169 168 166 164 162 160 158 157
375 380 384 387 388 388 389 389 385 379 373 367 360 355 348 343 340 339 337 335 334 331 328 325 323 323 323 323 323 322 321 321 320 318 316 313 311 308 305 302 299 296 293 289 286 285 284 284 284 283 284 285 286 286 285 284 284 281 277 272 267 263 262 260 257 255 250 245 238 233 227 221 215 210 206 202 197 193 188 186 183 180 177 175 173 171 169 168 166 165 163 161 160 157 156 154
374 377 380 383 384 385 386 386 383 377 371 366 360 354 347 342 339 337 335 333 332 330 327 324 322 322 321 321 320 319 318 317 316 315 313 310 308 306 303 301 298 295 292 288 285 283 283 282 282 282 282 283 284 285 285 285 284 283 278 273 269 265 263 260 257 254 249 244 237 232 225 220 213 208 204 200 195 191 186 184 181 178 175 173 171 168 167 166 164 162 161 159 157 155 153 151
371 374 376 378 379 380 382 383 379 375 370 365 359 353 346 341 337 335 333 331 329 327 325 323 321 320 319 318 316 315 314 312 311 310 309 307 305 303 302 300 298 294 290 286 283 281 281 280 280 280 281 282 283 284 284 285 285 284 280 275 271 268 265 261 257 253 248 242 236 230 224 218 211 205 201 197 192 188 184 181 178 175 173 170 168 166 164 163 161 159 157 155 153 151 149 147
369 370 371 372 374 375 377 378 376 372 368 364 358 352 345 340 335 333 330 328 326 325 323 322 320 318 316 314 312 311 309 307 306 305 304 303 302 301 300 298 297 293 289 285 281 279 279 278 277 277 279 280 281 283 284 285 286 286 282 278 274 271 267 262 257 252 246 241 234 229 222 215 208 202 198 194 190 185 181 178 175 173 170 167 165 162 161 159 157 155 153 151 149 147 145 143
367 367 368 368 369 371 373 375 373 370 366 363 357 351 344 338 334 331 328 325 324 323 322 321 319 317 314 311 309 307 305 303 302 301 301 300 299 298 298 297 296 293 288 283 279 277 277 276 275 275 277 278 280 282 283 285 287 287 284 279 276 273 268 263 257 251 245 239 233 227 220 213 206 200 196 192 187 183 179 176 173 170 167 165 162 160 158 156 154 152 150 148 146 144 142 139
367 368 368 368 369 370 372 373 371 368 364 361 356 350 343 337 333 330 326 323 321 321 320 319 317 315 312 310 307 305 303 301 299 298 297 297 296 295 295 295 294 291 287 283 279 277 276 275 274 274 275 276 277 278 280 281 282 282 278 274 269 266 262 257 251 245 240 235 230 225 218 212 206 200 197 192 187 182 178 175 171 167 164 161 159 156 154 153 151 148 146 144 142 140 138 135
369 370 370 371 371 372 372 372 370 367 363 359 354 348 342 337 332 328 324 321 320 319 318 317 315 314 311 309 307 304 302 299 297 297 295 294 293 292 292 292 292 289 286 282 279 277 276 275 274 273 273 274 274 274 275 276 276 275 270 265 260 256 253 248 243 238 234 230 226 222 217 212 207 203 199 194 188 183 177 173 169 165 161 158 155 153 151 149 147 145 143 140 138 136 134 132
371 372 373 374 373 373 372 372 369 365 361 358 352 347 341 336 331 327 323 319 318 317 316 315 313 312 310 308 306 304 301 298 296 294 293 291 290 289 289 289 289 287 285 282 279 278 277 275 274 272 272 271 270 270 270 269 269 267 262 256 250 246 243 239 234 231 228 225 222 219 216 212 208 205 201 196 189 183 177 172 167 162 157 155 152 149 147 146 143 141 139 137 135 132 130 128
372 374 375 376 375 374 373 371 368 364 360 356 351 345 340 335 330 326 322 318 316 315 314 313 311 310 309 308 306 303 300 297 295 293 291 289 287 286 286 287 287 285 283 281 279 278 277 275 273 272 270 269 267 266 265 264 263 260 254 248 241 237 234 231 227 224 222 220 218 217 215 212 209 207 203 197 190 183 176 171 165 159 154 152 149 146 144 142 140 138 136 133 131 129 127 124
370 372 373 373 372 371 370 368 365 361 358 354 349 344 339 335 330 326 321 318 316 314 312 311 309 308 307 307 305 302 299 296 294 292 290 287 285 285 285 285 285 284 282 280 279 278 276 274 273 271 269 267 265 263 261 260 258 255 249 243 237 232 229 226 222 219 217 215 213 211 209 207 204 202 199 193 187 181 174 169 163 158 153 150 146 143 141 139 137 134 132 130 127 125 123 120
367 368 368 369 368 367 366 364 362 359 355 352 348 344 339 334 330 326 321 318 316 314 311 309 307 306 306 305 304 301 298 295 293 291 289 287 285 284 284 284 283 282 281 279 278 277 275 274 272 270 268 265 262 260 258 256 255 252 246 240 234 230 227 223 219 216 213 210 207 204 202 200 197 195 192 188 182 177 171 166 161 156 152 148 144 141 138 136 134 131 129 127 124 121 119 116
364 364 364 364 363 362 361 360 358 356 353 350 347 343 338 334 330 326 322 318 316 313 310 307 305 304 304 303 302 300 297 295 293 291 289 286 284 283 283 282 282 281 279 278 277 276 275 273 272 269 267 263 260 257 255 253 251 248 243 237 232 228 225 221 216 212 208 204 200 197 194 192 189 187 185 181 176 172 168 164 159 155 151 147 142 138 135 133 131 128 126 123 120 117 115 112
361 361 360 360 359 358 357 357 355 353 351 349 346 342 338 334 330 326 322 318 316 313 309 305 303 302 302 302 301 299 296 294 292 290 288 286 284 283 282 281 281 280 278 277 276 275 274 272 271 269 265 261 258 254 252 250 248 245 240 235 230 227 223 218 213 209 204 200 195 191 188 185 183 180 179 176 172 169 165 162 158 154 150 145 140 136 132 130 128 125 123 120 117 114 111 108
