maxent/maxent_rasters/soil_moisture.asc
ncols        1049
nrows        959
xllcorner    -124.500000000000
yllcorner    32.500000000000
cellsize     0.010000000000
NODATA_value -9999
[rows 800 to 849 of 959, columns 768 to 863 of 1049]
48 45 42 40 37 34 31 29 27 25 22 21 19 18 17 15 14 12 11 9 8 7 6 5 5 4 4 4 3 3 3 3 3 3 3 4 4 4 4 4 4 5 5 5 5 5 4 4 4 4 3 3 3 3 3 3 3 3 3 3 3 3 3 3 3 3 3 3 3 3 3 2 2 2 2 2 1 1 1 1 1 1 1 1 1 1 1 1 0 0 0 0 0 0 0 0
47 44 41 38 35 33 30 28 26 24 21 20 18 17 16 14 13 11 10 8 7 6 5 5 4 4 4 3 3 3 3 3 3 3 3 4 4 4 4 5 5 5 5 5 5 5 5 4 4 4 4 3 3 3 3 3 3 3 3 3 3 3 3 3 3 3 3 3 3 3 3 3 2 2 2 2 1 1 1 1 1 1 1 1 1 1 1 1 1 0 0 0 0 0 0 0
45 43 40 37 35 33 30 28 25 23 21 18 17 16 14 13 11 10 9 7 6 6 5 4 4 4 3 3 3 3 3 3 3 3 3 4 4 4 4 4 5 5 5 5 5 5 5 5 5 4 4 4 4 3 3 3 3 3 3 3 3 3 3 3 3 3 3 3 3 3 3 3 2 2 2 2 1 1 1 1 1 1 1 1 1 1 1 1 1 0 0 0 0 0 0 0
44 42 39 37 34 32 30 28 25 23 19 17 16 14 13 11 10 9 8 7 6 5 4 4 4 3 3 3 3 3 3 3 3 3 3 3 4 4 4 4 4 5 5 5 5 5 5 5 5 5 5 4 4 4 4 4 4 3 3 3 3 3 3 3 3 3 3 3 3 3 3 3 2 2 2 2 1 1 1 1 1 1 1 1 1 1 1 1 1 0 0 0 0 0 0 0
42 40 38 36 34 32 30 28 25 22 18 15 14 13 11 10 9 8 7 6 5 4 4 4 3 3 3 3 2 2 3 3 3 3 3 3 3 3 4 4 4 4 5 5 5 5 5 5 5 5 5 5 5 4 4 4 4 4 4 3 3 3 3 3 3 3 3 3 3 3 3 3 2 2 2 2 1 1 1 1 1 1 1 1 1 1 1 1 1 0 0 0 0 0 0 0
40 39 37 35 34 32 30 28 25 21 17 14 12 11 10 8 7 7 6 5 4 4 4 3 3 3 3 2 2 2 2 3 3 3 3 3 3 3 3 4 4 4 4 5 5 5 5 5 6 6 6 5 5 5 5 4 4 4 4 4 3 3 3 3 3 3 3 3 3 3 3 3 2 2 2 2 1 1 1 1 1 1 1 1 1 1 1 1 1 0 0 0 0 0 0 0
37 35 34 33 32 30 29 27 24 20 17 13 12 11 9 8 7 6 5 4 4 4 3 3 3 3 2 2 2 2 2 2 3 3 3 3 3 3 3 3 3 4 4 4 4 5 5 5 5 6 5 5 5 5 5 5 4 4 4 4 3 3 3 3 3 3 3 3 3 3 3 3 3 2 2 2 2 1 1 1 1 1 1 1 1 1 1 1 1 0 0 0 0 0 0 0
33 32 31 30 29 28 26 25 23 20 16 14 12 11 9 8 6 6 5 4 4 3 3 3 3 2 2 2 2 2 2 2 2 2 2 2 2 2 2 3 3 3 3 4 4 4 4 5 5 5 5 5 5 5 5 5 5 4 4 4 4 4 3 3 3 3 3 3 3 3 3 3 3 3 2 2 2 1 1 1 1 1 1 1 1 1 1 1 1 0 0 0 0 0 0 0
28 28 27 27 26 25 24 23 21 19 16 14 12 11 9 8 6 5 5 4 3 3 3 2 2 2 2 2 1 1 1 2 2 2 2 2 2 2 2 2 2 3 3 3 3 4 4 4 4 5 5 5 5 5 5 5 5 5 5 4 4 4 4 4 4 4 4 3 3 3 3 3 3 3 3 2 2 1 1 1 1 1 1 1 1 1 1 1 1 0 0 0 0 0 0 0
24 24 24 24 23 23 22 22 20 18 15 14 12 11 9 7 6 5 4 4 3 3 3 2 2 2 2 1 1 1 1 1 1 1 1 1 1 1 1 2 2 2 2 3 3 3 3 4 4 4 4 5 5 5 5 5 5 5 5 4 4 4 4 4 4 4 4 4 3 3 3 3 3 3 3 2 2 1 1 1 1 1 1 1 1 1 1 1 1 0 0 0 0 0 0 0
21 21 21 21 20 20 19 19 17 16 14 12 11 10 8 7 5 5 4 4 3 3 2 2 2 2 2 1 1 1 1 1 1 1 1 1 1 1 1 1 2 2 2 2 2 3 3 3 3 4 4 4 4 5 5 5 5 5 4 4 4 4 4 4 4 4 4 4 3 3 3 3 3 3 3 2 2 1 1 1 1 1 1 1 1 1 1 1 0 0 0 0 0 0 0 0
18 18 18 17 17 17 16 16 14 13 12 10 10 9 7 6 5 4 4 3 3 3 2 2 2 2 2 1 1 1 1 1 1 1 1 1 1 1 1 1 1 2 2 2 2 2 2 2 3 3 3 4 4 4 4 4 4 4 4 4 4 4 4 4 4 4 4 4 3 3 3 3 3 3 2 2 2 1 1 1 1 1 1 1 1 1 1 0 0 0 0 0 0 0 0 0
15 15 14 14 14 13 13 12 11 10 9 8 8 7 6 5 5 4 4 3 3 3 2 2 2 2 2 1 1 1 1 1 1 1 1 1 1 1 1 1 1 1 1 1 2 2 2 2 2 2 2 3 3 4 4 4 4 4 4 4 4 4 4 4 4 4 4 3 3 3 2 2 2 2 2 2 2 1 1 1 1 1 1 1 1 1 0 0 0 0 0 0 0 0 0 0
13 12 12 11 11 10 10 9 9 8 7 7 6 6 5 5 4 4 3 3 3 3 2 2 2 2 2 1 1 1 1 1 1 1 1 1 1 1 1 1 1 1 1 1 1 1 1 1 1 1 2 2 3 3 3 3 3 3 3 4 4 4 4 4 4 4 4 3 3 2 2 2 2 2 2 2 1 1 1 1 1 1 1 1 1 0 0 0 0 0 0 0 0 0 0 0
12 11 11 10 10 9 9 8 8 7 7 6 6 5 5 4 4 4 3 3 3 3 2 2 2 2 2 1 1 1 1 1 1 1 1 1 1 1 1 1 1 1 1 1 1 1 1 1 1 1 2 2 2 3 3 3 3 3 3 3 3 4 4 4 4 4 4 3 3 2 2 2 2 2 2 2 1 1 1 1 1 1 1 1 1 0 0 0 0 0 0 0 0 0 0 0
13 12 12 11 11 10 10 9 8 8 7 7 6 6 5 5 4 4 4 3 3 3 2 2 2 2 2 1 1 1 1 1 1 1 1 1 1 1 1 1 1 1 1 1 1 1 1 1 1 1 1 2 2 2 2 2 2 2 3 3 3 3 3 3 4 4 4 3 3 3 2 2 2 2 2 2 2 1 1 1 1 1 1 1 1 1 0 0 0 0 0 0 0 0 0 0
14 13 13 12 11 11 10 10 9 8 8 7 6 6 5 5 4 4 4 3 3 3 2 2 2 2 2 1 1 1 1 1 1 1 1 1 1 1 1 1 1 1 1 1 1 1 1 1 1 1 1 1 2 2 2 2 2 2 2 2 2 2 3 3 3 3 3 3 3 3 3 2 2 2 2 2 2 2 2 1 1 1 1 1 1 1 1 0 0 0 0 0 0 0 0 0
15 14 13 13 12 12 11 11 10 9 8 7 7 6 6 5 5 4 4 3 3 3 2 2 2 2 2 1 1 1 1 1 1 1 1 1 1 1 1 1 1 1 1 1 1 1 1 1 1 1 1 1 1 1 1 1 1 1 1 1 2 2 2 2 3 3 3 3 3 3 3 3 2 2 2 2 2 2 2 2 1 1 1 1 1 1 1 1 0 0 0 0 0 0 0 0
17 16 15 15 14 14 13 13 12 11 10 9 8 8 7 6 6 5 4 4 3 3 3 2 2 2 2 1 1 1 1 1 1 1 1 1 1 1 1 1 1 1 1 1 1 1 1 1 1 1 1 1 1 1 1 1 1 1 1 1 1 1 1 2 2 3 3 3 3 3 3 3 2 2 2 2 2 2 2 2 2 1 1 1 1 1 1 1 1 0 0 0 0 0 0 0
20 20 19 19 19 19 18 18 17 16 14 12 12 11 10 9 9 7 6 5 4 3 3 2 2 2 2 1 1 1 1 1 1 1 1 1 1 1 1 1 1 1 1 1 1 1 1 1 1 1 1 1 1 1 1 1 1 1 1 1 1 1 1 2 2 3 3 3 3 3 3 3 3 2 2 2 2 2 2 2 2 2 1 1 1 1 1 1 1 1 0 0 0 0 0 0
25 25 24 24 24 24 24 25 23 21 19 17 16 15 14 13 12 10 8 6 5 4 3 3 2 2 2 1 1 1 1 1 1 1 1 1 1 1 1 1 1 1 1 1 1 1 1 1 1 0 0 0 0 0 0 0 0 0 1 1 1 1 1 2 2 2 2 3 3 3 3 3 3 3 3 2 2 2 2 2 2 2 2 1 1 1 1 1 1 1 1 1 1 1 1 1
29 29 29 28 29 29 30 30 28 26 23 21 20 19 17 16 15 12 10 7 5 4 3 3 2 2 2 1 1 1 1 1 1 1 1 1 1 1 1 1 1 1 1 1 1 1 1 1 0 0 0 0 0 0 0 0 0 0 0 1 1 1 1 2 2 2 2 2 3 3 3 3 3 3 3 3 2 2 2 2 2 2 2 2 1 1 1 1 1 1 1 1 1 1 1 1
32 32 32 33 33 34 34 35 33 31 28 26 24 23 21 20 18 15 12 9 6 5 4 3 2 2 2 1 1 1 1 1 1 1 1 1 1 1 1 1 1 1 1 1 1 1 1 0 0 0 0 0 0 0 0 0 0 0 0 0 1 1 1 1 2 2 2 2 2 3 3 3 3 3 3 3 2 2 2 2 2 2 2 2 2 1 1 1 1 1 1 1 1 1 1 1
32 33 34 34 35 35 36 36 35 34 32 30 29 27 25 23 21 18 14 11 8 7 5 3 2 2 2 1 1 1 1 1 1 1 1 1 1 1 1 1 1 1 1 1 1 1 0 0 0 0 0 0 0 0 0 0 0 0 0 0 0 1 1 1 1 1 1 2 2 2 2 2 3 3 3 2 2 2 2 2 2 2 2 2 2 2 1 1 1 1 1 1 1 1 1 1
33 34 35 36 37 37 37 38 37 37 36 36 35 32 29 27 24 21 17 13 10 8 6 4 3 2 2 1 1 1 1 1 1 1 1 1 1 1 1 1 1 1 1 1 1 0 0 0 0 0 0 0 0 0 0 0 0 0 0 0 0 0 1 1 1 1 1 1 1 2 2 2 2 2 2 2 2 2 2 2 2 2 2 2 2 2 2 2 2 2 2 1 1 1 1 1
33 35 36 38 39 39 39 39 39 40 40 41 40 37 33 30 27 23 19 15 12 10 7 5 3 2 2 2 1 1 1 1 1 1 1 1 1 1 1 1 1 1 1 1 0 0 0 0 0 0 0 0 0 0 0 0 0 0 0 0 0 0 0 0 0 0 0 1 1 1 1 2 2 2 2 2 2 2 2 2 2 2 2 2 2 2 2 2 2 2 2 2 1 1 1 1
33 35 37 39 40 40 40 40 41 42 43 44 43 40 36 33 29 25 21 17 13 11 8 5 3 3 2 2 1 1 1 1 1 1 1 1 1 1 1 1 1 1 1 0 0 0 0 0 0 0 0 0 0 0 0 0 0 0 0 0 0 0 0 0 0 0 0 0 1 1 1 1 1 2 2 2 2 2 2 2 2 2 2 2 2 2 2 2 2 2 2 2 2 1 1 1
33 35 37 38 39 39 39 40 40 41 42 43 42 39 36 33 29 26 21 18 14 11 8 5 3 3 2 2 1 1 1 1 1 1 1 1 1 1 1 1 1 1 1 1 0 0 0 0 0 0 0 0 0 0 0 0 0 0 0 0 0 0 0 0 0 0 0 0 0 1 1 1 1 2 2 2 2 2 2 2 2 2 2 2 2 2 2 2 2 2 2 2 2 1 1 1
32 34 36 37 38 38 39 39 40 41 41 42 41 39 36 33 29 26 22 18 14 12 9 6 4 3 3 2 2 1 1 1 1 1 1 1 1 1 1 1 1 1 1 1 1 1 0 0 0 0 0 0 0 0 0 0 0 0 0 0 0 0 0 0 0 0 0 0 0 0 1 1 1 1 1 1 1 1 1 1 1 1 1 2 2 2 2 2 2 2 2 2 2 1 1 1
32 33 35 36 37 38 38 39 39 40 40 41 40 38 35 33 30 26 22 18 15 12 9 6 4 3 3 2 2 2 1 1 1 1 1 1 1 1 1 1 1 1 1 1 1 1 1 0 0 0 0 0 0 0 0 0 0 0 0 0 0 0 0 0 0 0 0 0 0 0 0 0 1 1 1 1 1 1 1 1 1 1 1 1 2 2 2 2 2 2 2 2 2 1 1 1
31 32 34 35 37 37 38 39 39 39 40 40 39 37 35 33 30 26 22 19 15 12 9 6 4 4 3 3 2 2 2 1 1 1 1 1 1 1 1 1 1 1 1 1 1 1 1 0 0 0 0 0 0 0 0 0 0 0 0 0 0 0 0 0 0 0 0 0 0 0 0 0 1 1 1 1 1 1 1 1 1 1 1 1 1 2 2 2 2 2 2 2 2 1 1 1
29 31 33 34 35 36 37 38 38 38 38 38 38 36 34 32 29 26 22 19 15 12 9 6 4 4 3 3 2 2 2 1 1 1 1 1 1 1 1 1 1 1 1 1 1 1 1 1 0 0 0 0 0 0 0 0 0 0 0 0 0 0 0 0 0 0 0 0 0 0 0 0 0 1 1 1 1 1 1 1 1 1 1 1 1 2 2 2 2 2 2 2 2 1 1 1
27 28 30 32 33 34 35 36 36 36 36 36 36 34 32 31 28 25 21 18 15 12 9 7 5 4 3 3 2 2 2 2 1 1 1 1 1 1 1 1 1 1 1 1 1 1 1 1 1 0 0 0 0 0 0 0 0 0 0 0 0 0 0 0 0 0 0 0 0 0 0 0 0 0 1 1 1 1 1 1 1 1 1 1 1 2 2 2 2 2 2 2 2 1 1 1
24 26 28 30 31 32 33 34 35 34 34 34 33 32 31 29 27 24 21 18 15 12 9 7 5 4 4 3 2 2 2 2 2 2 1 1 1 1 1 1 1 1 1 1 1 1 1 1 1 1 0 0 0 0 0 0 0 0 0 0 0 0 0 0 0 0 0 0 0 0 0 0 0 0 0 1 1 1 1 1 1 1 1 1 1 2 2 2 2 2 2 2 2 1 1 1
22 24 26 28 30 31 32 33 33 33 32 32 31 30 29 28 26 24 20 17 14 12 9 7 5 4 4 3 2 2 2 2 2 2 2 1 1 1 1 1 1 1 1 1 1 1 1 1 1 1 1 0 0 0 0 0 0 0 0 0 0 0 0 0 0 0 0 0 0 0 0 0 0 0 0 0 1 1 1 1 1 1 1 1 1 2 2 2 2 2 2 2 2 1 1 1
21 23 25 27 29 30 31 32 32 32 31 30 30 29 28 27 26 23 20 18 15 13 10 8 6 6 5 3 2 2 2 2 2 2 2 1 1 1 1 1 1 1 1 1 1 1 1 1 1 1 1 0 0 0 0 0 0 0 0 0 0 0 0 0 0 0 0 0 0 0 0 0 0 0 0 0 0 1 1 1 1 1 1 1 1 1 2 2 2 2 2 1 1 1 1 1
22 24 26 27 28 30 31 32 32 31 30 29 29 28 27 26 25 23 21 19 16 14 12 10 8 7 6 4 3 2 2 2 2 2 2 2 2 1 1 1 1 1 1 1 1 1 1 1 1 1 1 0 0 0 0 0 0 0 0 0 0 0 0 0 0 0 0 0 0 0 0 0 0 0 0 0 0 0 1 1 1 1 1 1 1 1 1 1 1 1 1 1 1 1 1 1
23 25 26 27 28 29 30 31 31 30 29 28 27 27 26 25 24 23 21 20 18 16 14 11 10 8 7 5 3 3 3 3 3 3 2 2 2 2 1 1 1 1 1 1 1 1 1 1 1 1 1 0 0 0 0 0 0 0 0 0 0 0 0 0 0 0 0 0 0 0 0 0 0 0 0 0 0 0 0 0 0 0 0 0 0 1 1 1 1 1 1 1 0 0 0 0
24 25 26 27 28 29 30 31 30 29 28 27 26 26 25 25 24 23 22 20 19 17 15 13 11 10 8 6 4 3 3 3 3 3 3 2 2 2 2 1 1 1 1 1 1 1 1 1 1 1 1 0 0 0 0 0 0 0 0 0 0 0 0 0 0 0 0 0 0 0 0 0 0 0 0 0 0 0 0 0 0 0 0 0 0 0 0 0 0 0 0 0 0 0 0 0
25 26 26 27 28 29 30 30 30 29 28 27 26 26 25 24 23 22 21 21 19 18 16 14 13 11 9 6 4 4 3 3 3 3 3 3 2 2 2 2 1 1 1 1 1 1 1 1 1 1 1 1 0 0 0 0 0 0 0 0 0 0 0 0 0 0 0 0 0 0 0 0 0 0 0 0 0 0 0 0 0 0 0 0 0 0 0 0 0 0 0 0 0 0 0 0
25 26 26 27 28 29 29 30 30 29 28 27 27 26 24 23 22 22 21 21 19 18 16 15 13 12 9 7 5 4 4 4 4 4 3 3 3 3 2 2 2 1 1 1 1 1 1 1 1 1 1 1 1 0 0 0 0 0 0 0 0 0 0 0 0 0 0 0 0 0 0 0 0 0 0 0 0 0 0 0 0 0 0 0 0 0 0 0 0 0 0 0 0 0 0 0
26 26 27 27 28 28 29 30 30 29 28 28 27 26 24 23 22 21 21 20 20 18 17 15 14 12 10 8 6 5 5 5 4 4 4 4 3 3 3 2 2 2 1 1 1 1 1 1 1 1 1 1 1 1 1 0 0 0 0 0 0 0 0 0 0 0 0 0 0 0 0 0 0 0 0 0 0 0 0 0 0 0 0 0 0 0 0 0 0 0 0 0 0 0 0 0
26 26 27 27 28 28 29 30 30 29 29 28 27 26 24 23 21 21 21 20 20 18 17 16 15 13 11 8 6 6 5 5 5 5 4 4 4 4 3 3 2 2 2 1 1 1 1 1 1 1 1 1 1 1 1 1 0 0 0 0 0 0 0 0 0 0 0 0 0 0 0 0 0 0 0 0 0 0 0 0 0 0 0 0 0 0 0 0 0 0 0 0 0 0 0 0
27 27 27 27 28 28 29 29 29 29 29 28 27 26 24 23 21 21 20 20 19 18 17 16 15 13 11 9 7 6 6 5 5 5 5 4 4 4 3 3 3 2 2 2 1 1 1 1 1 1 1 1 1 1 1 1 0 0 0 0 0 0 0 0 0 0 0 0 0 0 0 0 0 0 0 0 0 0 0 0 0 0 0 0 0 0 0 0 0 0 0 0 0 0 0 0
28 28 28 28 28 28 29 29 29 28 28 28 27 26 25 23 22 21 20 20 19 18 17 16 15 13 11 9 7 6 6 5 5 5 5 5 4 4 4 3 3 3 2 2 2 2 2 2 1 1 1 1 1 1 1 1 0 0 0 0 0 0 0 0 0 0 0 0 0 0 0 0 0 0 0 0 0 0 0 0 0 0 0 0 0 0 0 0 0 0 0 0 0 0 0 0
30 30 30 29 29 29 28 28 28 28 28 28 28 26 25 24 22 22 21 20 19 18 17 16 15 13 11 9 7 6 6 5 5 5 5 5 5 4 4 4 3 3 3 3 3 3 2 2 2 2 1 1 1 1 1 1 0 0 0 0 0 0 0 0 0 0 0 0 0 0 0 0 0 0 0 0 0 0 0 0 0 0 0 0 0 0 0 0 0 0 0 0 0 0 0 0
32 32 31 30 30 29 28 27 27 27 28 28 28 27 25 24 23 22 21 19 18 17 16 16 15 13 12 9 7 6 6 6 5 5 5 5 5 5 4 4 4 4 4 4 3 3 3 3 2 2 2 1 1 1 1 1 0 0 0 0 0 0 0 0 0 0 0 0 0 0 0 0 0 0 0 0 0 0 0 0 0 0 0 0 0 0 0 0 0 0 0 0 0 0 0 0
33 33 32 31 30 29 27 26 26 27 27 27 27 26 25 24 23 22 20 19 18 17 16 15 15 13 12 10 8 7 6 6 5 5 5 5 5 5 5 5 4 4 4 4 4 4 4 3 3 2 2 2 1 1 1 1 0 0 0 0 0 0 0 0 0 0 0 0 0 0 0 0 0 0 0 0 0 0 0 0 0 0 0 0 0 0 0 0 0 0 0 0 0 0 0 0
33 32 32 31 30 29 27 26 26 26 26 26 26 25 24 23 22 21 19 19 18 17 16 15 15 13 12 10 8 7 7 6 6 6 6 6 6 6 6 5 5 5 5 5 5 5 5 4 3 3 2 2 1 1 1 1 1 0 0 0 0 0 0 0 0 0 0 0 0 0 0 0 0 0 0 0 0 0 0 0 0 0 0 0 0 0 0 0 0 0 0 0 0 0 0 0
33 32 32 32 30 29 27 25 25 24 24 24 24 23 22 21 20 19 19 18 17 17 16 15 14 13 12 10 9 8 8 7 7 7 7 7 7 7 6 6 6 6 6 6 6 6 6 5 4 4 3 2 2 1 1 1 1 1 0 0 0 0 0 0 0 0 0 0 0 0 0 0 0 0 0 0 0 0 0 0 0 0 0 0 0 0 0 0 0 0 0 0 0 0 0 0
