maxent/maxent_rasters/soil_moisture.asc
ncols        1049
nrows        959
xllcorner    -124.500000000000
yllcorner    32.500000000000
cellsize     0.010000000000
NODATA_value -9999
[rows 500 to 549 of 959, columns 384 to 479 of 1049]
30 30 30 30 31 31 31 31 31 32 32 32 32 32 33 33 34 35 36 37 38 39 39 40 41 42 43 44 45 47 48 49 49 50 51 52 52 53 54 55 55 56 57 58 58 59 60 60 61 62 63 64 65 66 67 68 69 69 70 71 72 73 75 76 76 77 78 78 79 81 82 83 84 85 86 86 87 91 95 100 104 109 113 117 121 125 127 130 133 134 135 136 138 139 142 145
28 29 29 29 29 29 30 30 30 30 31 31 31 31 31 32 33 33 34 35 36 37 38 39 40 41 42 43 44 45 46 47 48 49 50 50 51 52 52 53 54 55 55 56 57 58 58 59 59 60 61 62 63 64 65 66 67 68 69 70 71 72 73 74 74 75 76 77 77 79 80 81 82 83 84 84 85 88 92 96 100 103 106 110 112 115 118 120 123 124 125 126 127 129 133 138
27 27 28 28 28 28 28 29 29 29 29 29 29 29 30 30 31 32 33 34 35 36 36 37 38 39 40 41 42 43 44 45 46 47 48 49 49 50 51 52 52 53 54 55 55 56 57 57 58 59 60 60 61 62 63 64 65 66 67 68 69 70 71 72 73 73 74 75 76 77 78 79 80 81 82 83 84 86 89 93 96 98 100 103 105 107 110 112 114 115 116 117 118 120 126 132
26 26 26 27 27 27 27 27 28 28 28 28 28 28 28 29 30 30 31 32 33 34 35 36 37 38 39 40 41 42 43 44 45 46 46 47 48 49 49 50 51 52 52 53 54 55 55 56 57 57 58 59 60 60 61 62 63 64 65 66 67 68 69 70 71 72 72 73 74 75 76 77 78 79 80 81 82 84 86 89 92 94 96 98 99 102 104 106 108 109 110 111 112 114 120 126
25 25 25 26 26 26 26 26 26 27 27 27 27 27 27 27 28 29 30 31 32 33 33 34 35 37 38 39 40 41 42 42 43 44 45 45 46 47 48 49 49 50 51 52 52 53 54 55 55 56 57 57 58 59 60 60 61 62 63 64 65 66 68 69 69 70 71 71 72 73 75 76 77 78 79 80 81 82 84 87 89 91 92 94 96 98 100 102 104 105 106 107 108 111 116 121
24 24 24 24 24 25 25 25 25 25 25 25 25 25 25 26 27 27 28 29 30 31 32 33 34 35 36 37 38 39 40 41 42 42 43 43 44 45 46 47 48 49 49 50 51 52 53 54 54 55 55 56 56 57 58 58 59 60 61 62 63 64 66 67 67 68 69 70 71 72 73 74 75 76 77 78 79 80 82 84 85 87 88 90 91 94 96 98 100 101 102 103 104 107 111 116
23 23 23 23 23 23 24 24 24 24 24 24 24 24 24 24 25 26 27 28 29 30 31 31 33 34 35 36 37 38 39 40 40 41 41 42 43 44 45 46 46 47 48 49 50 51 52 52 53 53 54 54 55 55 56 57 57 58 59 60 62 63 64 65 66 67 67 68 69 70 71 73 74 75 76 77 78 79 80 81 83 84 85 87 88 90 92 95 97 98 99 100 101 103 107 111
23 23 23 23 23 23 23 23 23 23 24 23 23 23 23 24 24 25 26 27 28 29 30 31 32 33 34 35 36 37 38 39 39 40 40 41 42 43 44 45 46 46 47 48 49 50 51 52 52 52 53 54 54 54 55 55 56 57 58 59 60 62 63 64 65 65 66 67 68 69 70 71 73 74 75 76 76 77 79 80 81 82 84 85 86 88 90 93 95 96 97 98 99 101 105 108
22 22 22 22 22 22 22 23 23 23 23 23 22 22 22 23 24 24 25 26 27 28 29 30 31 32 33 34 35 36 37 38 38 39 40 40 41 42 43 44 44 45 46 47 48 49 50 50 51 51 52 53 53 54 54 54 55 56 57 58 59 60 61 62 63 64 65 66 67 68 69 70 71 72 73 74 75 76 77 78 79 81 82 83 85 87 89 91 93 94 95 96 97 98 102 105
22 22 22 22 22 22 22 22 22 22 22 22 21 21 21 22 23 23 24 25 26 27 28 29 30 31 32 33 34 35 36 37 37 38 38 39 40 41 41 42 43 44 45 46 47 48 48 49 50 50 51 51 52 52 53 53 54 55 56 56 57 58 60 61 61 62 63 64 65 66 67 68 69 70 71 72 73 74 75 76 78 79 80 81 83 85 87 89 91 92 93 93 94 95 98 102
21 21 21 21 21 21 21 21 21 21 21 21 21 21 21 21 22 22 23 24 26 27 28 28 29 30 31 32 33 34 35 35 36 37 38 38 39 40 40 41 42 43 44 45 46 47 47 48 48 49 50 51 51 51 52 52 53 53 54 55 56 57 58 59 60 60 61 62 63 64 66 67 68 69 70 71 71 72 73 75 76 77 78 80 81 83 85 88 90 90 91 91 91 92 95 98
21 21 21 21 21 21 21 21 20 20 20 20 20 20 20 21 21 22 22 23 25 26 27 27 28 29 30 31 32 33 33 34 35 36 36 37 38 38 39 40 41 42 43 44 44 45 46 47 47 48 49 49 50 50 50 51 51 52 53 54 54 55 56 57 58 59 60 61 62 63 64 65 66 67 68 69 70 71 72 73 74 76 77 78 79 81 83 86 87 88 88 88 88 89 92 95
20 21 21 21 21 21 21 20 20 20 20 20 20 20 20 20 21 21 22 23 24 25 26 27 28 28 29 30 31 32 33 34 34 35 36 36 37 37 38 39 40 41 42 42 43 44 45 45 46 47 48 48 49 49 50 50 51 51 52 53 53 54 55 56 57 58 59 60 61 62 63 64 65 66 67 68 68 69 70 72 73 74 75 77 78 80 82 83 85 86 86 86 86 87 90 93
20 20 20 20 20 20 20 20 20 20 19 19 19 19 20 20 21 21 22 23 24 25 26 26 27 28 28 29 30 31 32 33 33 34 35 35 36 36 37 38 39 39 40 41 42 43 43 44 45 45 46 47 48 48 49 49 50 50 51 52 52 53 54 55 55 56 57 58 59 60 61 62 63 64 65 66 67 68 69 70 71 73 74 75 77 78 80 81 82 83 83 83 84 85 87 90
20 20 20 20 20 20 20 20 20 19 19 19 19 19 19 20 20 21 22 22 24 25 25 26 26 27 27 28 29 30 31 32 32 33 34 34 35 35 36 37 37 38 39 39 40 41 42 43 44 44 45 46 46 47 48 48 49 49 50 51 51 52 53 54 54 55 56 57 58 59 60 61 62 63 64 65 66 67 68 69 70 71 73 74 75 77 78 79 80 80 81 81 81 83 85 88
20 20 20 20 20 20 20 20 19 19 19 19 19 19 19 20 20 21 21 22 23 24 25 25 26 26 27 28 29 30 30 31 32 32 33 33 34 34 35 36 36 37 37 38 39 40 41 42 42 43 44 44 45 46 47 47 48 49 49 50 50 51 52 52 53 54 55 56 57 58 59 60 61 62 63 64 65 65 66 67 68 70 71 73 74 75 76 76 77 77 78 79 79 80 83 85
20 20 20 20 20 20 20 19 19 19 19 19 19 19 19 19 20 20 21 22 23 24 24 25 25 26 27 27 28 29 30 30 31 31 32 32 33 34 34 35 35 36 36 37 38 39 40 40 41 42 43 43 44 45 46 47 47 48 48 49 50 50 51 52 52 53 54 55 55 56 58 59 60 61 62 62 63 64 65 66 67 68 70 71 72 73 74 74 75 75 76 77 78 79 81 83
19 19 19 19 19 19 19 19 19 19 18 18 18 18 19 19 20 20 21 21 22 23 24 24 25 26 26 27 27 28 29 29 30 30 31 31 32 33 33 34 34 35 35 36 37 38 38 39 40 40 41 42 43 44 45 45 46 47 47 48 49 49 50 51 51 52 52 53 54 55 56 57 58 59 60 61 62 62 64 65 66 67 68 69 70 71 71 72 72 73 74 75 76 77 79 81
19 19 19 19 19 19 19 19 19 18 18 18 18 18 18 19 19 20 20 21 22 23 23 24 25 25 26 26 27 27 28 28 29 30 30 31 31 32 32 33 33 34 34 35 36 37 37 38 39 39 40 41 42 43 44 44 45 46 47 47 48 48 49 50 50 50 51 52 53 54 55 56 57 58 59 60 60 61 62 63 65 66 66 67 68 69 69 69 70 70 72 73 74 76 77 79
19 19 19 19 19 19 19 19 18 18 18 18 18 18 18 19 19 20 20 21 22 22 23 23 24 25 26 26 26 27 27 28 28 29 30 30 30 31 31 32 32 33 33 34 35 36 36 37 37 38 39 40 41 42 43 43 44 45 46 46 47 48 48 49 49 49 50 50 51 52 53 55 56 56 57 58 58 59 61 62 63 64 65 65 66 66 67 67 67 68 69 71 72 73 75 76
18 18 18 18 18 18 18 18 18 18 18 18 18 18 18 19 19 19 20 21 21 22 22 23 24 24 25 26 26 26 27 27 28 29 29 30 30 31 31 32 32 33 33 34 34 35 36 36 37 37 38 39 40 41 42 43 44 44 45 45 46 47 47 48 48 49 49 50 50 51 52 53 54 55 56 56 57 58 59 60 61 62 62 63 64 64 65 65 66 66 67 69 70 71 72 74
18 18 18 18 18 18 18 18 18 18 18 18 18 18 18 18 19 19 20 20 21 21 22 22 23 24 25 25 26 26 26 27 27 28 29 29 29 30 30 31 31 32 32 33 34 34 35 35 36 37 37 38 39 40 41 42 43 43 44 44 45 45 46 47 47 48 48 49 50 50 51 52 53 53 54 55 55 56 57 58 59 59 60 61 61 62 62 63 64 64 65 66 67 68 69 71
18 17 17 17 17 17 17 18 18 18 18 18 18 18 18 18 19 19 19 20 20 21 21 22 23 23 24 25 25 26 26 27 27 28 28 29 29 30 30 31 31 32 32 33 33 34 34 35 35 36 37 37 38 39 40 41 42 42 43 43 44 45 45 46 47 47 48 48 49 49 50 51 51 52 52 53 53 54 55 56 56 57 58 58 59 60 60 61 62 63 63 64 65 66 67 68
17 17 17 17 17 17 17 17 18 18 18 18 18 18 18 18 19 19 19 20 20 21 21 22 22 23 24 24 25 25 26 26 27 27 28 28 29 29 30 30 31 31 32 32 33 33 34 34 35 35 36 37 38 39 40 41 41 41 42 42 43 44 45 46 46 47 47 48 48 49 49 50 50 51 51 52 52 53 53 54 55 55 56 56 57 58 59 60 61 61 62 62 63 64 65 66
17 17 17 17 17 17 17 17 17 18 18 18 18 18 18 18 18 19 19 19 20 20 21 21 22 23 23 24 24 25 25 26 26 27 27 28 28 29 29 30 30 31 31 32 32 33 33 34 34 35 35 36 37 38 39 40 40 41 41 41 42 43 44 45 45 46 46 47 47 48 48 49 49 50 50 51 51 51 52 53 53 54 55 55 56 56 57 58 59 60 60 61 61 62 63 65
17 17 17 17 17 17 17 17 17 17 18 18 18 18 18 18 18 18 19 19 19 20 20 21 21 22 23 23 24 24 25 26 26 27 27 27 28 28 29 29 30 30 31 31 32 32 33 33 34 34 35 35 36 37 38 39 39 40 40 41 41 42 43 44 44 44 45 45 46 46 47 47 48 48 49 49 49 50 51 51 52 52 53 53 54 55 56 56 57 58 58 59 60 60 62 63
17 17 17 17 17 17 17 17 17 17 17 17 17 17 17 18 18 18 18 19 19 19 20 20 21 21 22 22 23 24 24 25 25 26 26 27 27 28 28 29 29 30 30 31 31 32 32 33 33 33 34 34 35 36 37 37 38 39 39 40 40 41 42 42 43 43 44 44 45 45 46 46 47 47 47 48 48 48 49 49 50 51 51 52 52 53 54 54 55 56 56 57 58 59 60 61
17 17 17 17 17 17 17 17 17 17 17 17 17 17 17 17 18 18 18 18 19 19 19 20 20 21 21 22 22 23 24 25 25 26 26 26 27 27 28 28 29 29 30 30 31 31 32 32 32 33 33 33 34 35 35 36 37 38 38 39 40 40 41 41 42 42 43 43 44 44 45 45 45 46 46 46 46 47 47 48 48 49 49 50 50 51 52 53 53 54 55 55 56 57 58 59
17 17 17 17 17 17 17 17 17 17 17 17 17 17 17 17 17 18 18 18 18 19 19 19 20 20 20 21 22 23 23 24 24 25 25 26 26 27 27 28 28 28 29 29 30 31 31 31 32 32 32 32 33 34 34 35 36 36 37 38 38 39 40 40 40 41 41 42 42 43 43 44 44 44 45 45 45 45 46 46 47 47 48 48 49 49 50 51 52 52 53 53 54 55 56 58
17 17 17 17 17 17 17 17 17 17 17 17 17 17 17 17 17 17 18 18 18 18 19 19 19 20 20 21 21 22 23 23 24 24 25 25 25 26 26 27 27 28 28 28 29 30 30 31 31 31 31 32 32 33 34 34 35 35 36 37 37 38 39 39 39 40 40 41 41 42 42 43 43 43 44 44 44 44 45 45 46 46 47 47 47 48 49 50 50 51 51 52 53 53 55 56
17 17 17 17 17 17 17 17 17 17 17 17 17 17 17 17 17 17 17 18 18 18 18 19 19 19 20 20 21 21 22 22 23 23 24 24 25 25 26 26 26 27 27 27 28 29 29 30 30 30 31 31 31 32 33 33 34 34 35 35 36 37 37 38 38 39 39 40 40 41 41 42 42 42 42 42 43 43 43 44 44 45 45 45 46 46 47 48 49 49 50 50 51 52 53 54
17 17 17 17 17 17 17 17 17 17 17 17 17 17 17 17 17 17 17 17 18 18 18 18 19 19 19 20 20 21 21 22 22 23 23 23 24 24 25 25 26 26 26 27 27 28 29 29 29 30 30 30 31 31 32 32 33 33 34 34 35 36 36 37 37 38 38 39 39 40 40 41 41 41 41 41 41 42 42 43 43 44 44 44 44 45 46 47 47 48 48 49 49 50 51 52
17 17 17 17 17 17 17 17 17 17 17 17 17 17 17 17 17 17 17 17 17 18 18 18 18 19 19 19 20 20 20 21 21 22 22 23 23 24 24 24 25 25 25 26 26 27 28 28 29 29 29 29 30 30 31 31 32 32 33 33 34 34 35 36 36 37 37 38 38 39 39 40 40 40 40 40 40 41 41 41 42 42 43 43 43 44 44 45 46 46 47 47 48 48 50 51
17 17 17 17 17 17 17 17 17 17 17 17 17 17 17 17 17 17 17 17 17 17 18 18 18 18 19 19 19 19 20 20 21 21 22 22 22 23 23 24 24 24 25 25 26 26 27 28 28 28 28 29 29 29 30 30 31 31 32 32 33 33 34 35 35 35 36 36 37 37 38 38 39 39 39 39 39 40 40 40 41 41 41 42 42 43 43 44 44 45 45 46 46 47 48 49
17 17 17 17 17 17 17 17 17 16 16 16 16 16 16 17 17 17 17 17 17 17 17 17 18 18 18 18 19 19 19 19 20 20 21 21 22 22 23 23 23 23 24 24 25 26 26 27 27 27 28 28 28 28 29 29 30 30 31 31 32 32 33 33 34 34 35 35 36 36 37 37 38 38 38 38 38 38 39 39 39 40 40 41 41 42 42 42 43 43 44 44 45 46 47 48
17 17 17 17 17 17 17 17 16 16 16 16 16 16 16 16 17 17 17 17 17 17 17 17 18 18 18 18 18 18 18 19 19 20 20 20 21 21 22 22 23 23 23 23 24 25 26 26 26 27 27 27 27 28 28 28 29 29 30 30 31 31 32 32 33 33 34 34 35 35 36 36 36 37 37 37 37 38 38 38 38 39 39 40 40 41 41 41 41 42 42 43 44 45 46 47
17 17 17 17 17 17 17 17 16 16 16 16 16 16 16 16 17 17 17 17 17 17 17 17 17 18 18 18 18 18 18 18 19 19 20 20 20 21 21 22 22 22 23 23 24 24 25 26 26 26 26 27 27 27 27 28 28 29 29 30 30 31 31 31 32 32 33 33 34 34 35 35 36 36 36 36 37 37 37 37 38 38 39 39 40 40 40 40 41 41 42 42 43 44 45 46
17 17 17 17 17 17 17 16 16 16 16 16 16 16 16 16 17 17 17 17 17 17 17 17 17 17 18 18 18 18 18 18 18 19 19 20 20 20 21 21 21 22 22 23 23 24 24 25 25 25 26 26 26 27 27 27 27 28 28 29 29 30 30 31 31 31 32 32 33 33 33 34 34 35 35 35 35 36 36 37 37 37 38 38 39 39 39 39 40 40 41 41 42 43 44 45
17 17 16 16 16 16 16 16 16 16 16 16 16 16 16 16 17 17 17 17 17 17 16 17 17 17 17 17 17 17 17 18 18 18 19 19 19 20 20 20 21 21 22 22 22 23 23 24 24 24 25 25 25 26 26 26 27 27 28 28 29 29 29 30 30 30 31 31 31 32 32 32 33 33 33 34 34 35 35 36 36 37 37 37 38 38 38 38 39 39 40 40 41 42 43 44
17 16 16 16 16 16 16 16 16 16 16 16 16 16 16 16 17 17 17 17 17 16 16 16 17 17 17 17 17 17 17 17 18 18 18 18 19 19 19 20 20 21 21 21 22 22 23 23 23 24 24 24 25 25 25 26 26 26 27 27 28 28 28 29 29 29 29 30 30 30 31 31 31 32 32 33 33 33 34 35 35 36 36 36 37 37 37 37 38 38 39 39 40 41 42 43
17 16 16 16 16 16 16 16 16 16 16 16 16 16 16 16 17 17 17 17 16 16 16 16 16 17 17 17 17 17 17 17 17 18 18 18 18 18 19 19 19 20 20 21 21 21 22 22 22 23 23 24 24 24 24 25 25 26 26 27 27 27 27 28 28 28 28 29 29 29 29 30 30 30 31 31 32 32 33 34 34 35 35 35 36 36 36 36 37 37 38 39 39 40 41 42
17 16 16 16 16 16 16 16 16 16 16 16 16 16 16 16 16 17 17 16 16 16 16 16 16 16 16 16 17 17 17 17 17 17 17 17 18 18 18 19 19 19 20 20 20 21 21 21 21 22 22 23 23 24 24 24 24 25 25 26 26 26 26 27 27 27 28 28 28 28 29 29 29 30 30 31 31 32 32 33 33 34 34 34 35 35 35 36 36 36 37 38 39 39 40 41
17 16 16 16 16 16 16 16 16 16 17 16 16 16 16 16 16 16 16 16 16 16 16 16 16 16 16 16 16 16 16 17 17 17 17 17 17 17 18 18 18 19 19 19 20 20 20 20 21 21 22 22 22 23 23 23 24 24 24 25 25 25 25 26 26 26 27 27 27 28 28 28 28 29 29 30 30 31 31 32 32 32 33 33 34 34 34 35 35 36 36 37 38 39 39 40
17 16 16 16 16 16 16 16 16 17 17 17 16 16 16 16 16 16 16 16 16 16 16 16 16 16 15 16 16 16 16 16 16 16 16 16 17 17 17 17 18 18 18 19 19 19 19 20 20 20 21 21 22 22 22 22 23 23 23 24 24 24 24 25 25 25 26 26 27 27 27 27 28 28 29 29 30 30 30 31 31 31 32 32 33 33 34 34 34 35 35 36 37 38 39 39
17 17 16 16 16 16 16 16 17 17 17 17 16 16 16 16 16 16 16 16 16 16 16 16 16 15 15 15 15 16 16 16 16 16 16 16 16 16 17 17 17 17 18 18 18 18 19 19 19 20 20 21 21 21 21 22 22 22 22 23 23 23 23 24 24 24 25 25 26 26 26 27 27 27 28 28 29 29 29 29 30 30 31 31 32 32 33 33 34 34 35 35 36 37 38 38
18 17 17 17 17 17 17 17 17 17 17 17 16 16 16 16 16 16 16 16 16 16 16 16 15 15 15 15 15 15 16 16 16 16 16 16 16 16 16 16 17 17 17 17 18 18 18 18 18 19 19 20 20 20 21 21 21 22 22 22 22 23 23 23 23 24 24 24 25 25 25 26 26 26 27 27 28 28 28 29 29 29 30 30 31 31 32 32 33 33 34 34 35 36 36 37
18 18 18 18 17 17 17 17 17 17 17 17 16 16 16 16 16 16 16 16 16 16 15 15 15 15 15 15 15 15 15 15 15 15 15 15 16 16 16 16 16 16 17 17 17 17 17 17 18 18 18 19 19 19 20 20 20 21 21 21 21 22 22 22 22 23 23 23 24 24 24 25 25 25 26 26 27 27 27 28 28 29 29 30 30 31 31 31 32 32 32 33 34 34 35 36
19 19 19 19 18 18 18 17 17 17 17 17 16 16 16 16 16 16 16 16 16 15 15 15 15 15 15 15 15 15 15 15 15 15 15 15 15 15 15 15 16 16 16 16 16 16 17 17 17 17 17 18 18 19 19 19 20 20 20 20 21 21 21 21 22 22 22 23 23 23 23 24 24 24 25 25 26 26 27 27 27 28 28 29 29 30 30 30 31 31 31 32 33 33 34 34
19 20 20 19 19 18 18 18 17 17 17 17 16 16 16 16 16 16 16 16 15 15 15 15 15 15 15 15 15 15 15 15 15 15 15 15 15 15 15 15 15 16 16 16 16 16 16 16 16 16 17 17 17 18 18 19 19 19 20 20 20 20 21 21 21 21 22 22 22 22 23 23 23 24 24 25 25 25 26 26 27 27 28 28 29 29 29 30 30 30 31 31 32 32 33 33
21 21 21 20 20 19 19 19 18 18 17 17 17 16 16 16 16 16 16 16 15 15 15 15 15 15 15 15 15 15 15 15 15 15 15 15 15 15 15 15 15 15 15 16 16 16 16 16 16 16 16 17 17 17 18 18 19 19 19 19 20 20 20 20 20 21 21 21 21 22 22 22 22 23 23 24 24 25 25 25 26 26 27 27 28 28 28 29 29 29 30 30 31 31 32 32
