maxent/maxent_rasters/soil_moisture.asc
ncols        1049
nrows        959
xllcorner    -124.500000000000
yllcorner    32.500000000000
cellsize     0.010000000000
NODATA_value -9999
[rows 750 to 799 of 959, columns 576 to 671 of 1049]
36 35 35 34 33 32 31 30 29 29 28 28 27 26 26 25 24 23 23 22 22 22 21 21 20 20 19 19 19 18 18 18 18 17 17 17 17 16 16 16 16 15 15 15 14 14 13 13 13 12 12 11 11 10 9 8 7 7 6 5 5 4 4 4 3 3 3 3 3 2 2 2 2 2 2 2 2 2 2 2 2 2 2 2 2 2 2 2 2 2 2 2 2 2 2 2
36 35 35 34 33 32 31 30 29 29 28 27 27 26 25 24 24 23 23 22 22 21 21 20 20 19 19 19 18 18 18 18 17 17 17 17 16 16 16 16 15 15 15 15 14 14 14 13 13 13 13 12 11 10 9 8 8 7 6 6 5 5 4 4 4 3 3 3 3 2 2 2 2 2 2 2 2 2 2 2 2 2 2 2 2 2 2 2 2 2 2 2 2 2 2 2
36 36 35 34 33 32 31 30 29 29 28 27 26 26 25 24 23 23 22 22 21 21 20 20 19 19 19 18 18 18 17 17 17 17 16 16 16 16 15 15 15 15 14 14 14 14 13 13 13 13 13 12 11 10 9 9 8 7 7 6 6 5 5 4 4 4 4 3 3 3 2 2 2 2 2 2 2 2 2 2 2 2 2 2 2 2 2 2 2 2 2 2 2 2 2 2
37 36 35 34 33 32 31 30 29 29 28 27 26 25 25 24 23 22 22 21 21 21 20 20 19 19 18 18 18 17 17 17 16 16 16 15 15 15 15 14 14 14 14 13 13 13 13 13 12 12 12 12 11 10 10 9 8 8 7 6 6 5 5 5 5 4 4 4 3 3 3 2 2 2 2 2 2 2 2 2 2 2 2 2 2 2 2 2 2 2 2 2 2 2 2 2
37 36 35 34 33 32 31 30 29 29 28 27 26 25 24 24 23 22 22 21 21 20 20 19 19 18 18 18 17 17 16 16 15 15 15 14 14 14 14 14 13 13 13 13 12 12 12 12 12 12 12 11 11 10 10 9 9 8 8 7 7 6 6 5 5 5 5 4 4 3 3 3 3 3 3 3 3 3 3 3 3 3 3 3 3 3 3 3 3 2 2 2 2 2 2 3
37 36 35 34 33 32 31 30 29 29 28 27 26 25 24 23 23 22 21 21 20 20 20 19 19 18 18 17 17 16 16 15 15 14 14 14 14 13 13 13 13 12 12 12 12 11 11 11 11 11 11 11 11 10 10 10 9 8 8 7 7 6 6 6 6 5 5 5 4 4 3 3 3 3 3 3 3 3 3 3 3 3 3 3 3 3 3 3 3 3 2 2 2 2 3 3
37 36 35 34 33 32 32 31 30 29 28 27 26 25 24 24 23 22 22 21 20 20 20 19 19 18 18 17 17 16 16 15 15 14 14 14 13 13 13 13 13 12 12 12 12 11 11 11 11 11 11 11 10 10 10 9 9 9 8 8 7 7 7 7 6 6 6 6 5 5 4 4 4 4 4 4 4 4 4 4 4 4 4 4 4 4 4 4 3 3 3 3 3 3 3 3
38 37 36 35 34 33 32 31 30 30 29 28 27 26 25 24 23 23 22 21 21 20 20 19 19 18 18 17 17 17 16 16 15 15 14 14 14 14 13 13 13 13 12 12 12 12 11 11 11 11 11 11 10 10 10 9 9 9 9 8 8 8 7 7 7 7 7 7 6 6 5 5 5 5 5 5 5 4 4 4 4 4 4 4 4 4 4 4 4 4 4 4 4 4 4 4
38 37 36 35 34 33 32 31 31 30 29 28 27 26 25 25 24 23 22 21 21 20 20 19 19 18 18 17 17 17 16 16 15 15 15 14 14 14 14 13 13 13 13 12 12 12 12 11 11 11 11 11 10 10 9 9 9 9 9 9 8 8 8 8 8 8 8 8 8 7 6 6 6 6 6 6 6 5 5 5 5 5 5 5 5 5 5 5 5 5 5 5 5 5 5 5
38 37 36 35 34 33 33 32 31 30 30 29 28 27 26 25 24 24 23 22 21 20 20 19 19 18 18 18 17 17 17 16 16 15 15 14 14 14 14 14 13 13 13 13 12 12 12 12 11 11 11 11 10 10 9 9 9 9 9 9 9 9 9 9 9 9 9 9 9 8 7 7 7 7 7 7 6 6 6 6 6 6 6 6 6 6 6 6 6 6 6 6 6 6 6 6
38 37 36 35 34 34 33 32 31 31 30 29 28 27 26 25 25 24 23 22 21 20 20 19 19 18 18 18 18 17 17 16 16 15 15 15 15 14 14 14 14 14 13 13 13 12 12 12 12 11 11 11 10 10 10 9 9 9 9 9 9 9 10 10 10 10 10 10 10 9 8 8 8 8 8 8 7 7 7 7 7 7 7 7 7 7 7 7 7 7 7 7 7 7 7 7
39 38 37 36 35 34 33 33 32 31 30 29 28 27 27 26 25 24 23 22 22 21 21 20 20 19 19 18 18 18 18 17 17 16 16 15 15 15 15 15 15 14 14 14 13 13 13 13 12 12 12 12 11 11 10 10 10 10 11 11 11 11 11 11 11 11 12 12 11 10 10 9 9 9 9 9 9 9 9 9 9 8 8 8 8 8 8 8 8 8 8 8 8 8 8 8
39 38 37 36 35 35 34 33 32 32 31 30 29 28 27 26 26 25 24 23 22 22 21 21 20 20 20 19 19 19 18 18 17 17 17 16 16 16 16 16 15 15 15 15 14 14 14 13 13 13 13 12 12 12 11 11 12 12 12 12 12 12 12 13 13 13 13 13 13 12 11 11 11 11 11 11 11 11 11 11 11 11 10 10 10 10 10 9 10 10 10 10 10 10 10 10
39 38 37 37 36 35 34 34 33 32 31 30 29 28 28 27 26 25 25 24 23 22 22 22 21 21 20 20 20 19 19 19 18 18 17 17 17 17 16 16 16 16 16 16 15 15 14 14 14 14 13 13 13 13 12 12 13 13 13 13 13 14 14 14 14 14 15 15 14 14 13 13 13 13 13 13 13 13 13 13 13 13 12 12 12 11 11 11 11 11 11 12 12 12 12 12
39 39 38 37 36 36 35 34 33 33 32 31 30 29 28 28 27 26 25 25 24 23 23 22 22 21 21 21 21 20 20 19 19 19 18 18 18 18 18 18 18 18 17 17 17 16 16 16 15 15 15 15 14 14 14 14 14 15 15 15 15 16 16 16 16 16 17 17 16 16 15 15 15 15 15 15 15 15 16 16 15 15 15 14 14 14 13 13 13 13 14 14 14 14 14 15
40 39 38 38 37 36 35 35 34 33 33 32 31 30 29 28 28 27 26 25 25 24 24 23 23 22 22 22 22 21 21 20 20 20 19 19 19 19 19 19 19 19 19 19 19 18 18 18 17 17 17 17 17 17 17 17 17 17 18 18 18 18 18 18 18 19 19 19 19 18 18 17 17 17 17 17 17 18 18 18 18 17 17 17 17 16 16 16 16 16 16 17 17 17 17 17
40 40 39 38 37 37 36 35 34 34 33 33 32 31 30 29 28 28 27 26 26 25 25 24 24 23 23 23 23 22 22 22 21 21 21 21 21 21 21 21 21 21 22 21 21 21 21 20 20 20 20 20 20 20 20 21 21 21 21 21 21 21 21 21 21 21 22 22 21 21 21 20 20 20 20 20 20 20 21 21 21 20 20 20 20 20 20 19 20 20 20 20 20 20 20 20
41 40 39 39 38 37 36 36 35 34 34 33 33 32 31 30 29 28 28 27 27 26 26 25 25 24 24 24 24 23 23 23 22 22 22 22 22 23 23 23 23 23 23 23 23 23 23 23 23 22 22 22 23 23 23 24 24 24 24 24 23 23 23 23 23 24 24 24 24 23 23 23 23 22 22 22 22 23 23 23 23 23 23 23 23 23 23 23 23 23 23 23 23 23 23 23
41 41 40 39 39 38 37 36 36 35 35 34 34 33 32 31 30 29 29 28 28 27 27 26 26 25 25 25 25 24 24 24 24 23 24 24 24 24 24 24 25 25 25 25 25 25 25 25 25 25 25 25 25 26 26 27 26 26 26 26 26 26 25 25 26 26 26 26 26 26 26 25 25 25 25 25 25 25 26 26 26 26 26 26 26 26 26 26 26 26 26 26 26 26 26 26
42 42 41 40 39 39 38 37 37 36 36 35 35 34 33 32 31 30 30 29 28 28 28 27 27 26 26 26 26 26 25 25 25 25 25 25 25 25 25 25 25 26 26 26 26 26 27 27 27 27 27 27 27 28 28 28 28 28 28 27 27 27 26 26 27 27 28 28 28 28 28 27 27 27 27 27 27 27 28 28 28 28 28 28 28 28 28 28 28 28 28 29 29 29 29 29
43 43 42 41 41 40 39 39 38 38 37 36 36 35 34 33 32 31 31 30 29 29 28 28 28 27 27 27 27 27 27 26 26 26 26 26 26 26 26 26 26 27 27 27 27 28 28 28 29 29 29 29 30 30 30 30 30 29 29 29 28 28 27 27 28 29 29 29 29 30 30 30 29 29 29 29 30 30 30 31 31 31 31 31 31 31 31 31 31 31 32 32 32 32 32 32
44 44 43 42 41 41 40 40 39 39 38 37 37 36 35 34 33 32 31 31 30 29 29 29 29 28 28 28 28 28 28 28 27 27 27 27 27 26 27 27 27 27 28 28 28 29 29 30 30 31 31 32 32 32 32 32 31 31 30 30 29 29 28 28 29 30 30 31 31 31 31 31 31 31 31 31 32 32 33 33 33 33 33 33 33 33 33 33 33 34 34 35 35 35 35 35
45 44 44 43 42 42 41 41 40 40 39 38 38 37 36 35 34 33 32 31 31 30 30 30 29 29 29 29 29 29 29 29 28 28 28 28 27 27 27 27 28 28 28 29 29 30 30 31 32 32 33 33 33 34 34 33 33 32 31 31 30 30 29 29 30 31 31 32 32 33 33 33 33 33 33 33 34 34 35 35 35 35 35 35 35 35 35 35 35 36 36 37 37 37 37 37
45 44 44 43 42 42 41 41 40 40 39 39 38 37 36 35 34 34 33 32 31 31 30 30 30 29 29 29 29 29 29 29 28 28 28 28 28 27 27 28 28 28 28 29 29 29 30 31 31 32 33 33 33 33 33 33 32 32 31 30 30 30 29 29 30 31 31 32 33 33 34 34 34 34 34 34 35 35 36 36 36 36 36 35 35 35 36 36 36 36 37 37 38 38 37 37
45 44 43 43 42 42 41 41 41 40 40 39 38 38 37 36 35 34 34 33 32 31 31 31 30 30 30 30 30 29 29 29 29 29 28 28 28 28 28 28 28 28 29 29 29 29 30 30 31 32 32 32 32 33 33 32 32 31 31 30 30 30 30 30 30 31 32 32 33 34 35 36 36 36 35 35 36 37 37 38 37 37 36 36 36 36 36 36 37 37 38 38 38 38 38 38
44 44 43 43 42 42 41 41 41 41 40 39 39 38 38 37 36 35 35 34 33 32 32 31 31 31 30 30 30 30 30 29 29 29 29 29 28 28 28 28 29 29 29 29 29 29 29 30 31 31 32 32 32 32 32 32 31 31 30 30 30 30 30 30 30 31 32 33 34 35 37 38 37 37 37 37 37 38 39 39 39 38 37 37 37 37 37 37 37 38 38 39 39 39 39 39
44 44 43 43 42 42 42 41 41 41 40 40 39 39 38 38 37 36 35 34 34 33 32 32 31 31 31 30 30 30 30 29 29 29 29 29 29 29 29 29 29 29 29 29 29 29 29 30 30 31 31 31 31 31 31 31 31 31 30 30 30 30 30 30 31 31 32 33 34 36 38 39 39 38 38 38 38 39 40 40 40 39 38 37 37 37 37 38 38 39 39 40 40 39 39 39
44 44 43 43 42 42 42 41 41 41 40 40 39 39 38 38 37 37 36 35 34 33 33 32 32 31 31 31 30 30 30 30 30 29 29 29 29 29 29 29 29 30 30 30 30 30 30 30 31 31 32 32 32 31 31 31 31 31 32 32 32 32 33 33 33 33 33 34 36 37 39 40 39 39 38 38 38 39 40 40 39 38 37 36 35 36 36 36 37 37 38 39 39 39 39 38
44 44 43 43 42 42 42 41 41 41 40 40 39 38 38 37 37 36 36 35 34 33 33 33 32 32 31 31 31 31 30 30 30 30 30 30 30 30 30 30 30 30 30 30 30 30 30 31 32 32 33 32 32 32 32 32 32 33 33 34 35 35 36 36 36 36 36 36 37 38 40 40 39 39 38 37 38 38 39 39 38 36 35 33 33 33 34 34 35 36 36 37 37 37 37 37
44 44 43 43 42 42 42 41 41 41 40 39 39 38 38 37 37 36 36 35 34 34 33 33 32 32 32 31 31 31 31 31 30 30 30 30 30 30 30 31 31 31 31 31 31 31 31 32 33 33 34 33 33 32 32 32 33 34 35 36 37 38 39 40 39 39 39 38 39 40 40 40 39 38 37 37 37 37 37 37 36 34 32 31 30 31 31 32 33 33 35 35 36 36 36 36
44 44 43 43 42 42 42 41 41 41 40 39 39 38 37 37 36 36 35 35 34 34 34 33 33 32 32 32 31 31 31 31 31 31 31 31 31 31 31 31 31 32 32 32 32 32 32 33 33 34 35 34 33 33 32 33 34 36 37 38 40 41 42 43 42 41 41 40 40 41 41 40 39 38 37 36 36 36 36 36 35 33 31 29 28 29 29 30 31 32 33 34 35 35 35 35
45 44 44 43 43 42 42 41 41 41 40 39 39 38 37 37 36 36 35 35 35 34 34 33 33 33 32 32 32 31 31 31 31 31 31 31 31 31 31 32 32 32 32 32 32 33 33 33 34 34 35 34 34 33 33 34 35 36 37 39 41 42 44 44 44 43 42 42 41 41 41 40 39 38 37 37 36 36 36 36 34 32 30 29 28 28 29 29 30 31 32 32 33 33 33 33
45 45 44 44 43 43 42 42 41 41 40 39 39 38 37 37 36 36 36 35 35 34 34 34 33 33 33 32 32 32 32 32 32 32 32 32 32 32 32 32 32 33 33 33 33 33 33 34 34 34 35 34 34 34 33 34 35 36 37 39 41 43 44 45 44 44 43 43 42 41 40 39 39 38 38 37 37 36 36 35 34 33 31 30 29 29 29 29 29 30 31 31 31 31 32 32
46 46 45 45 44 43 43 42 41 41 40 39 39 38 37 37 36 36 36 35 35 35 34 34 34 33 33 33 33 32 32 32 32 32 32 32 32 32 32 33 33 33 33 34 34 34 34 34 34 34 34 34 34 34 34 35 35 36 37 39 41 43 45 45 45 45 45 44 43 41 39 38 38 38 38 38 37 37 36 35 34 33 32 31 30 30 29 29 29 29 29 30 30 30 30 30
47 46 46 45 45 44 43 42 41 41 40 39 39 38 37 37 36 36 36 35 35 35 35 34 34 34 34 33 33 33 33 33 33 33 33 33 33 33 33 33 33 34 34 34 34 35 35 35 34 34 34 34 34 35 35 35 36 36 37 39 41 43 45 46 46 46 46 45 43 41 39 38 38 38 38 38 38 37 36 35 34 34 33 32 31 30 29 28 28 28 28 29 28 28 28 28
47 47 46 46 45 44 43 42 41 41 40 39 39 38 38 37 37 36 36 36 35 35 35 35 34 34 34 34 34 33 33 33 33 33 33 33 33 33 33 33 34 34 34 34 35 35 35 35 35 35 34 35 35 35 35 36 36 37 37 39 41 43 45 45 45 45 45 45 43 41 39 37 38 38 39 39 38 37 36 35 35 34 33 32 31 31 30 29 28 28 28 28 28 28 28 28
47 47 46 46 45 44 43 42 42 41 40 40 39 38 38 37 37 37 36 36 36 36 35 35 35 35 34 34 34 34 34 34 34 34 34 34 34 34 34 34 34 34 35 35 35 36 36 36 36 36 36 36 36 36 36 36 37 37 38 39 40 42 43 44 44 44 44 44 42 40 39 38 38 38 39 39 38 37 36 35 35 34 33 33 32 31 30 30 29 29 29 29 29 29 29 28
48 47 46 46 45 44 44 43 42 41 41 40 40 39 39 38 38 37 37 37 36 36 36 36 35 35 35 35 35 35 35 34 34 34 34 34 34 34 34 34 35 35 35 36 36 36 37 37 37 37 37 37 37 37 37 37 38 38 38 39 40 40 41 42 42 42 42 42 41 40 38 38 38 39 39 39 38 37 36 36 35 35 34 33 33 32 32 31 31 31 30 30 30 30 30 29
48 47 47 46 45 44 44 43 42 42 41 41 40 39 39 38 38 38 37 37 37 37 36 36 36 36 36 36 35 35 35 35 35 35 35 35 35 35 35 35 35 35 36 36 37 37 37 38 38 38 38 38 38 38 38 38 38 39 39 39 39 39 39 40 40 40 41 41 40 39 38 38 38 39 39 39 39 38 37 36 35 35 34 34 33 33 33 32 32 32 31 31 31 31 31 30
48 47 47 46 45 45 44 43 43 42 42 41 41 40 40 39 39 38 38 38 38 37 37 37 37 36 36 36 36 36 36 36 36 35 35 35 35 35 35 36 36 36 36 37 37 38 38 38 39 39 39 39 39 39 39 39 39 39 39 39 39 39 39 39 39 39 40 40 40 39 38 38 39 39 40 40 39 38 37 36 36 35 35 34 34 34 34 33 33 33 33 32 32 32 32 32
48 47 47 46 45 45 44 44 43 43 43 42 42 41 41 41 40 40 40 39 39 39 39 38 38 37 37 37 37 37 37 37 36 36 36 36 36 36 36 36 37 37 37 37 38 38 38 38 39 39 39 39 40 40 40 40 40 40 40 40 40 40 40 40 40 40 40 40 40 39 39 38 39 39 39 39 39 38 37 37 36 36 35 35 35 35 34 34 34 34 34 34 33 33 33 33
48 47 47 46 46 45 45 45 44 44 44 43 43 43 42 42 42 41 41 41 41 40 40 40 39 38 38 38 38 38 38 38 37 37 37 37 37 37 37 37 38 38 38 38 38 38 38 38 39 39 40 40 40 41 41 41 42 42 42 42 41 41 41 41 41 41 41 40 40 39 39 39 39 39 39 39 39 38 38 37 37 37 36 36 36 36 35 35 35 35 35 35 35 35 34 34
47 47 47 46 46 46 46 45 45 45 45 45 44 44 44 43 43 43 43 42 42 42 41 41 40 39 39 39 39 39 38 38 38 38 38 38 38 38 38 38 38 39 39 39 39 38 38 39 39 39 40 40 41 41 42 42 43 43 43 43 43 42 42 42 42 41 41 41 40 40 39 39 39 39 39 39 39 38 38 38 37 37 37 37 36 36 36 36 36 36 36 36 36 36 35 35
47 47 47 46 46 46 46 46 46 46 46 46 45 45 45 45 44 44 44 44 43 43 43 42 41 41 40 40 40 39 39 39 39 39 39 39 38 38 38 39 39 40 40 39 39 39 38 39 39 40 40 41 41 42 43 43 43 44 44 44 43 43 43 43 42 42 41 41 40 40 39 39 39 39 39 39 39 38 38 38 38 38 37 37 37 37 37 37 37 37 37 37 37 37 37 37
47 47 46 46 46 46 46 47 47 47 47 46 46 46 45 45 45 45 45 44 44 44 43 43 42 41 41 41 40 40 40 40 40 40 40 39 39 38 38 39 39 39 40 39 39 39 39 39 40 40 40 41 42 42 43 43 44 44 44 44 43 43 43 43 42 42 41 41 40 40 40 39 39 39 39 39 39 39 38 38 38 38 38 38 38 38 38 38 38 38 38 39 38 38 38 38
47 46 46 46 46 46 47 47 48 48 47 47 46 46 46 46 46 46 45 45 45 45 44 44 43 42 42 42 41 41 41 41 41 41 40 40 39 39 39 39 39 39 39 39 39 39 39 40 40 40 41 41 42 43 43 44 44 44 44 44 43 43 43 42 42 42 41 41 41 40 40 40 39 39 39 39 39 39 39 39 39 39 39 39 39 39 39 39 39 40 40 40 40 40 39 39
46 46 46 46 46 46 47 48 48 48 48 47 47 47 47 47 46 46 46 46 46 45 45 45 44 43 43 42 42 42 41 41 41 41 41 40 40 39 39 39 39 39 39 39 39 40 40 40 40 41 41 41 42 43 44 44 44 44 44 44 43 43 42 42 42 42 41 41 41 40 40 40 40 39 39 39 39 39 39 39 39 39 39 39 40 40 40 40 40 41 41 41 41 41 40 40
46 46 46 46 46 46 47 48 49 49 48 48 47 47 47 47 47 46 46 46 46 45 45 45 44 44 43 43 42 42 42 42 41 41 41 40 40 39 39 39 39 39 39 39 39 40 40 40 41 41 41 42 42 43 44 44 44 44 44 44 43 43 42 42 42 42 41 41 41 41 40 40 40 40 39 39 39 39 39 39 39 40 40 40 40 41 41 41 42 42 42 42 42 42 42 41
47 46 46 46 46 46 47 48 48 49 48 48 47 47 47 46 46 45 45 45 44 44 44 43 43 42 42 41 41 41 40 40 40 40 40 39 39 38 38 38 38 38 38 39 39 39 40 40 40 41 41 42 42 43 44 44 44 44 44 44 43 43 42 42 42 42 41 41 41 41 41 41 40 40 40 40 40 40 40 40 40 40 41 41 41 42 42 42 43 43 43 43 43 43 42 42
47 46 46 46 46 46 47 48 48 48 48 48 47 47 46 45 45 44 44 43 43 43 42 42 41 41 40 40 40 39 39 39 39 39 38 38 38 37 37 37 38 38 38 38 39 39 40 40 40 41 41 42 42 43 44 44 44 44 44 44 43 43 43 42 42 42 42 42 41 41 41 41 41 41 41 41 41 41 41 41 41 41 41 42 42 43 43 44 44 44 44 44 44 43 43 43
